0	394	0	0	0	41	0	0	523	0	414	940	0	0	310	0	0	0	597	913	0	0	0	0	288	143	0	0	633	0	256	0	0	0	829	616	923	0	0	101	747	0	920	870	700	0	0	0	0	0	444	323	625	0	0	209	989	565	488	453	0	533	0	63	0	940	0	937	0	0	0	860	408	0	844	803	684	0	0	0	505	0	0	0	249	747	0	0	891	64	0	939	0	0	244	0	990	145	822	0	458	0	0	327	0	0	0	0	0	308	0	298	723	0	0	340	0	0	553	208	986	0	617	0	601	294	455	93
610	0	394	0	589	247	0	0	193	841	191	33	0	0	0	487	70	0	0	0	133	0	153	945	39	0	82	0	0	0	0	0	0	400	0	722	537	0	534	0	241	0	220	916	695	0	0	0	429	0	281	461	504	0	0	0	938	812	365	84	332	627	118	0	601	645	343	865	0	248	0	0	277	119	722	0	0	813	0	340	436	835	63	103	0	0	0	0	0	46	836	587	0	931	958	0	616	696	75	27	0	650	0	0	850	589	122	400	93	0	0	118	37	0	0	199	0	993	189	0	0	0	0	0	819	62	959	0
23	0	435	635	0	855	0	0	226	0	0	308	0	0	184	62	515	478	40	0	103	716	400	0	266	0	926	749	0	858	0	0	583	0	0	688	0	0	785	59	0	692	0	865	165	350	0	0	0	0	0	452	681	179	0	482	697	0	0	0	0	0	0	318	664	0	0	0	0	0	0	0	707	12	0	0	80	343	756	0	0	287	0	245	780	976	0	0	624	294	689	367	0	969	913	0	874	635	135	732	317	397	766	0	0	666	0	1	0	0	715	0	163	0	228	652	458	0	0	0	0	0	895	424	0	411	892	0
0	428	790	678	726	47	169	456	65	0	0	0	457	540	0	498	0	574	618	0	0	905	0	506	0	319	0	0	0	0	0	896	997	831	0	192	0	0	648	85	857	742	133	0	411	0	694	427	0	3	218	0	0	0	0	842	691	541	0	0	195	0	0	664	0	894	0	0	0	186	0	0	0	0	406	0	0	22	281	0	0	0	811	118	0	0	0	669	533	836	666	0	0	0	0	0	285	0	0	0	41	0	697	265	571	322	0	0	960	0	0	869	0	866	0	984	0	622	0	506	0	659	0	469	655	445	381	892
550	182	212	384	0	298	9	141	0	0	0	0	808	0	735	95	346	0	635	0	0	0	167	0	0	296	0	404	561	132	300	0	0	748	0	0	49	315	183	877	0	746	72	309	0	0	336	306	424	0	101	0	930	492	485	0	0	817	999	0	351	0	0	118	716	509	436	38	0	343	752	0	0	0	941	170	641	578	0	825	0	0	0	0	827	0	202	0	226	62	0	0	0	0	0	531	296	459	942	500	0	598	0	695	222	0	85	0	225	267	0	795	170	0	196	0	117	65	841	884	0	718	0	924	0	462	770	693
206	0	0	0	0	0	656	43	970	816	221	0	149	0	202	469	387	0	0	0	154	0	0	499	0	577	415	653	696	433	898	533	0	695	0	909	330	853	0	510	0	0	895	206	555	0	953	224	9	0	722	0	0	920	0	837	329	0	537	0	895	0	617	802	0	862	388	0	301	0	0	826	0	0	0	0	0	0	0	0	0	0	133	41	307	0	0	864	459	338	0	0	0	0	0	0	0	991	380	517	0	922	0	514	34	587	0	694	813	824	530	0	614	78	764	0	927	772	211	0	548	0	612	0	845	995	493	865
810	995	397	0	0	0	871	0	817	20	672	0	0	758	0	0	519	0	0	0	67	0	0	0	965	844	310	0	417	0	829	392	63	0	656	957	0	244	0	746	849	342	56	964	0	0	427	144	503	911	884	0	734	83	689	0	155	0	0	421	0	0	0	0	469	0	0	482	0	0	0	33	612	632	135	0	0	0	716	562	664	354	199	392	0	795	796	502	0	902	0	0	717	0	629	647	0	0	666	0	0	698	0	636	303	807	869	130	981	933	396	818	0	0	0	0	0	697	829	124	0	0	0	0	0	0	401	0
0	774	0	466	365	0	0	77	979	0	923	0	40	0	0	0	27	967	0	682	0	585	0	0	235	95	794	0	905	910	642	798	514	715	536	430	0	312	0	116	0	436	0	0	432	0	0	0	0	0	64	101	425	0	159	0	0	31	0	457	441	0	427	0	508	0	0	985	332	739	0	80	360	72	124	0	0	0	353	356	182	10	0	997	0	0	374	0	610	0	0	0	0	0	674	0	0	0	922	126	0	0	300	0	706	0	955	619	238	0	145	0	0	115	488	352	0	982	264	133	28	989	213	370	0	0	0	299
0	0	0	0	0	0	334	188	0	82	0	546	594	0	160	0	919	150	0	128	823	228	323	520	248	0	772	0	0	0	429	0	0	881	135	0	21	403	79	0	0	135	0	306	563	0	0	948	145	605	0	305	0	0	0	254	0	0	0	652	971	0	0	0	418	0	427	985	745	922	0	0	208	380	0	975	0	0	973	189	815	0	0	0	0	0	0	0	0	0	456	0	408	189	786	431	0	178	0	982	0	0	959	0	145	0	473	646	0	88	0	773	0	0	1	850	715	0	0	0	0	0	0	0	0	0	308	558
0	0	0	723	769	482	0	694	509	0	983	237	556	0	415	286	647	0	123	0	0	0	0	0	0	0	538	911	0	727	0	455	104	764	0	362	290	892	0	688	0	0	0	87	36	72	811	268	0	546	0	0	542	0	0	912	942	0	167	69	0	881	0	0	532	0	0	535	0	0	0	0	420	0	649	0	413	0	797	925	0	285	299	452	0	0	643	0	0	126	713	123	0	410	0	0	142	0	684	0	0	0	484	0	0	223	0	500	0	513	325	504	0	0	0	454	0	0	763	0	0	0	636	0	0	0	482	0
909	10	866	0	68	703	887	0	702	972	0	0	0	404	6	369	0	0	635	0	276	0	0	716	0	744	922	232	0	0	0	0	0	107	444	0	733	0	393	172	0	431	663	0	0	0	0	458	955	725	151	0	0	132	0	932	191	454	357	0	398	437	826	503	0	0	225	0	200	449	962	209	600	0	0	0	0	0	0	648	86	891	0	0	58	0	653	693	0	238	625	304	0	88	0	0	524	0	0	0	898	0	0	421	0	55	647	0	0	681	0	0	0	560	952	752	956	0	594	465	501	260	0	487	0	0	272	0
44	53	166	0	0	296	670	0	0	65	0	0	0	0	993	0	406	0	0	0	0	197	347	622	104	0	0	0	813	326	330	0	466	914	0	0	29	534	0	194	0	82	214	890	0	354	0	0	0	257	688	0	0	308	0	529	880	393	260	493	0	0	0	0	45	0	0	0	74	9	0	0	0	448	0	0	828	0	505	471	0	120	0	0	0	0	846	0	0	0	0	941	218	0	627	0	0	437	0	0	907	0	403	0	981	0	255	0	225	0	0	0	285	956	360	0	0	109	0	921	292	624	554	807	0	0	0	0
452	0	0	473	549	649	0	279	237	0	121	629	802	728	0	0	750	0	0	0	291	0	753	0	0	0	0	527	0	879	0	124	0	0	279	0	994	0	578	367	0	691	733	0	0	676	0	226	0	0	0	245	0	530	0	0	0	0	0	0	491	293	0	0	140	829	0	0	516	335	0	599	0	0	0	132	0	405	158	999	0	522	78	138	783	211	0	0	0	0	0	785	0	992	218	0	750	0	0	239	778	393	361	0	605	0	644	0	922	939	110	0	0	26	0	0	0	0	0	316	0	981	0	568	668	166	0	0
506	0	976	755	492	0	321	0	0	80	265	0	0	411	0	0	841	324	804	298	0	966	0	213	0	322	0	765	984	255	0	0	451	684	743	0	0	0	0	0	687	0	312	0	0	587	552	59	0	645	154	361	22	0	0	0	25	0	46	12	0	0	669	334	68	840	63	353	995	0	432	0	913	0	0	0	0	145	366	319	0	664	0	0	0	765	0	0	9	419	912	270	0	0	823	753	703	0	0	0	0	578	943	125	0	976	399	175	0	512	141	636	0	677	0	0	0	716	0	0	0	0	860	848	0	0	252	0
0	0	825	917	0	0	0	858	0	574	0	0	80	0	0	885	612	106	0	643	468	0	153	0	616	0	0	348	825	0	0	0	0	640	954	0	37	0	0	0	299	687	0	469	0	519	364	0	0	0	0	0	0	0	0	967	0	0	318	0	0	0	563	480	1000	35	0	0	584	565	0	0	0	0	0	0	738	122	413	0	507	52	0	0	757	0	0	697	696	595	719	0	951	0	0	780	0	0	541	0	0	0	854	995	256	213	0	579	0	824	991	965	946	0	600	690	0	545	0	0	0	166	0	888	921	156	338	0
0	839	9	598	835	52	0	159	0	352	0	298	640	300	0	506	801	0	0	0	174	0	0	144	582	0	452	128	0	951	0	0	738	0	0	969	0	838	678	0	0	765	0	0	71	0	958	434	285	972	850	0	542	0	64	0	654	161	593	112	964	516	647	815	556	0	393	0	445	272	318	0	13	0	797	839	735	0	968	0	550	539	567	0	350	0	722	801	442	0	145	865	6	0	0	0	0	0	0	0	800	0	0	369	0	0	0	0	0	0	0	0	0	0	0	233	921	0	370	0	0	0	0	199	0	362	642	716
0	19	748	0	0	0	0	247	281	189	0	0	0	0	79	0	0	242	761	0	0	0	521	0	826	829	721	0	980	0	0	0	945	66	950	436	0	0	962	278	258	0	902	0	0	0	624	335	92	314	0	504	11	0	0	0	0	407	0	446	0	650	0	0	398	713	0	0	39	0	476	363	0	582	129	0	727	0	335	841	0	407	0	943	0	138	42	0	0	0	0	369	4	0	0	0	0	0	0	0	44	0	0	861	865	0	0	0	322	402	0	0	783	0	281	416	686	145	0	151	0	887	0	0	0	166	0	914
137	0	0	0	657	733	782	0	47	747	0	0	0	0	568	707	762	714	0	396	972	184	352	819	0	832	0	82	573	178	832	0	206	0	0	0	0	725	259	0	265	529	957	467	0	0	774	921	0	565	156	0	0	599	0	0	524	34	917	0	323	0	969	0	0	663	810	467	0	244	831	0	534	0	726	341	0	670	0	0	790	569	0	0	0	840	530	0	2	0	0	0	0	0	0	360	583	0	343	0	387	524	370	861	882	0	0	0	324	947	0	0	751	0	0	345	0	622	0	0	0	0	63	0	318	0	0	933
0	0	785	0	0	172	366	940	855	949	0	418	0	0	0	618	923	0	0	261	688	317	576	0	823	464	0	185	0	464	821	0	0	972	0	65	366	0	126	26	0	0	181	0	630	707	0	0	0	0	0	809	567	0	0	711	507	0	0	0	52	548	0	0	809	0	0	947	0	0	0	528	98	856	846	0	0	367	0	0	482	0	33	157	0	528	0	0	0	982	37	0	385	345	0	967	561	712	0	164	0	0	942	162	655	0	248	965	0	0	639	336	0	24	0	981	0	0	0	0	45	0	0	650	288	0	174	989
0	0	0	0	899	0	0	372	0	0	141	0	578	789	0	0	952	0	5	0	399	0	820	0	0	19	25	843	331	522	3	0	0	795	0	114	0	626	0	0	156	0	805	388	806	0	0	446	0	935	0	340	0	253	0	0	372	0	0	0	0	0	132	417	579	0	359	0	98	441	0	446	251	0	390	0	938	404	245	0	492	0	942	0	0	0	0	282	0	0	0	0	22	0	0	798	485	897	0	282	0	0	0	0	0	0	0	0	109	0	0	873	49	147	730	401	27	786	0	0	891	0	0	443	946	0	730	0
0	473	165	173	348	0	420	162	604	0	885	290	780	0	0	955	0	0	0	643	0	784	0	0	531	771	55	200	0	980	0	181	0	597	0	0	389	0	42	0	564	0	0	0	420	0	384	0	213	355	137	135	0	627	0	169	31	0	590	0	474	77	0	0	724	0	0	0	0	0	743	567	141	0	0	0	168	0	30	0	0	838	504	365	921	903	0	0	0	0	812	0	700	0	0	985	936	875	858	0	0	0	0	0	0	350	0	513	0	339	545	711	0	934	385	757	0	0	0	0	901	0	0	354	0	971	482	0
313	987	0	416	0	0	699	996	157	0	5	0	609	0	721	0	0	529	109	0	797	662	0	0	0	659	0	525	0	0	0	0	629	172	0	0	0	36	10	118	913	0	0	0	0	325	0	0	463	377	598	0	0	682	498	831	794	0	0	162	575	564	847	916	79	799	876	0	942	0	0	26	0	658	0	0	0	529	0	0	0	0	0	725	0	414	270	21	0	0	941	0	175	906	0	0	54	0	384	0	0	0	659	0	0	342	238	0	0	0	40	491	0	0	275	853	519	502	0	0	0	484	0	0	235	553	373	0
309	0	623	851	0	147	0	70	0	0	489	402	0	0	419	569	0	271	0	0	0	0	303	0	368	831	0	141	674	884	0	842	681	0	600	0	0	0	33	882	0	0	0	0	0	502	731	0	0	953	484	572	0	0	0	0	893	99	0	0	0	0	509	0	0	281	230	0	0	0	969	977	0	0	0	93	79	312	0	432	0	756	376	0	390	0	0	0	0	294	0	0	760	0	492	675	0	800	367	289	0	0	132	851	797	122	0	0	512	0	482	0	0	726	0	647	0	367	442	0	367	996	0	0	0	731	0	0
107	0	0	0	123	456	0	0	955	249	761	0	951	978	346	511	234	0	0	0	998	398	475	0	472	0	1000	0	0	0	225	691	408	514	318	0	0	0	530	700	1	0	0	0	403	0	972	0	0	990	0	0	0	789	0	416	95	0	0	0	0	182	115	185	0	0	0	28	0	975	0	0	0	0	0	132	0	0	619	0	957	0	204	0	758	0	202	868	1	0	918	0	866	425	68	0	181	0	0	0	0	0	391	486	826	0	0	215	0	0	783	0	630	977	0	29	0	0	720	376	846	345	693	0	656	137	610	0
0	0	967	105	731	0	279	0	708	0	635	790	674	0	0	0	0	999	0	327	0	431	520	0	123	0	108	709	0	0	0	521	0	0	0	0	0	0	0	131	0	260	0	0	0	0	0	839	0	0	239	464	0	359	492	0	957	0	24	0	740	0	0	0	0	981	0	793	456	0	0	246	259	0	486	0	0	0	0	0	0	0	0	0	0	152	992	0	534	700	0	192	307	955	0	0	689	0	968	60	0	0	37	0	890	636	824	0	0	921	0	0	694	0	0	508	0	0	0	48	805	0	0	790	984	347	908	778
698	849	533	192	741	335	187	0	945	555	729	871	0	0	444	155	0	0	632	505	920	679	0	951	0	0	451	0	0	0	0	618	863	0	0	0	201	0	44	0	137	0	453	0	690	624	229	676	0	111	882	0	775	528	435	0	0	649	0	0	699	0	505	0	0	0	381	570	0	0	734	0	0	449	0	325	866	479	0	150	225	772	116	0	0	976	0	0	0	475	0	0	0	0	376	0	0	21	0	0	0	0	422	599	583	894	809	421	0	0	0	4	983	684	139	0	0	0	501	316	0	556	550	0	0	619	993	0
504	770	15	0	429	631	0	0	0	85	762	0	0	827	0	628	0	0	0	0	0	0	0	0	157	476	0	0	607	0	0	899	858	224	391	0	0	0	949	347	0	0	0	270	0	91	0	158	0	0	598	0	496	0	978	539	0	445	0	0	0	893	0	119	0	0	680	0	0	136	779	145	906	0	121	0	0	0	0	0	0	0	0	0	0	298	0	630	822	652	194	762	844	554	554	0	346	527	0	0	0	929	0	839	22	652	883	0	339	0	352	101	0	0	0	0	809	776	0	257	584	0	533	76	881	0	0	0
0	532	0	800	0	355	99	0	0	724	0	181	0	0	0	235	0	206	0	0	0	0	356	0	0	738	996	916	356	0	0	0	205	221	476	0	321	131	0	0	680	0	788	0	0	676	0	0	315	0	723	0	972	0	0	0	0	14	0	822	0	170	728	0	206	525	567	0	0	459	91	424	514	544	0	418	125	0	0	474	0	178	303	0	0	447	689	0	0	32	23	855	8	0	865	0	0	891	999	677	0	0	560	669	294	0	802	0	254	0	0	0	529	143	265	0	0	0	0	428	287	0	0	259	0	0	932	0
0	501	910	0	725	0	0	0	173	533	0	0	723	827	488	0	31	0	0	0	100	0	187	0	0	0	448	0	0	771	0	0	0	0	539	0	511	288	274	0	0	0	714	0	0	0	168	726	908	874	536	0	0	0	0	226	0	0	0	0	190	564	256	557	27	0	0	0	840	0	427	947	904	722	966	0	0	776	0	0	902	0	0	0	0	762	0	536	792	306	0	888	0	0	725	759	0	739	471	808	926	867	0	0	421	171	390	0	397	0	0	546	0	505	105	129	0	88	0	0	0	0	0	83	0	0	0	248
0	405	0	690	282	0	996	0	677	405	0	0	78	913	780	161	600	248	758	0	0	46	0	0	0	0	828	0	709	0	0	0	727	796	918	779	0	0	614	0	901	0	0	0	0	151	0	682	366	0	849	0	304	0	657	704	259	136	23	490	826	0	957	0	0	0	0	406	0	0	308	450	0	0	0	0	0	0	717	0	0	0	0	0	0	389	0	592	0	0	916	513	305	690	834	775	578	0	0	193	441	221	271	526	0	0	0	0	611	529	774	0	544	0	0	0	0	0	0	487	0	0	0	0	0	467	928	666
539	53	0	0	198	0	263	0	707	0	0	0	611	0	876	262	0	0	1	845	894	221	0	0	189	0	177	0	988	677	369	0	0	0	9	0	672	16	21	0	0	950	0	0	0	0	985	841	0	402	0	0	756	0	878	0	0	596	0	0	118	0	0	786	176	14	608	544	279	0	756	213	891	0	393	0	0	0	0	0	508	673	0	0	605	517	0	600	0	0	932	0	0	927	0	55	0	918	0	32	661	663	0	0	0	514	87	429	317	339	0	938	641	948	846	0	193	0	62	347	994	141	323	0	764	280	497	1000
0	623	0	0	0	0	661	0	0	823	0	163	919	110	524	0	0	731	0	0	458	0	687	0	0	0	0	784	129	702	672	832	0	792	806	115	598	791	0	0	190	764	0	493	301	0	746	0	0	782	0	268	0	0	113	650	0	521	845	548	821	76	8	41	622	15	0	0	976	141	0	125	0	394	0	492	907	27	320	647	0	0	0	719	401	0	593	0	230	49	0	0	0	941	0	0	0	613	800	0	135	573	748	0	0	0	414	0	978	0	0	0	760	0	0	0	0	0	0	0	0	130	659	212	602	978	0	850
91	0	0	0	0	258	0	0	701	0	0	651	882	0	536	0	796	71	0	0	654	291	0	791	144	852	779	0	0	960	117	0	0	6	0	840	331	0	0	0	0	0	64	0	0	212	0	461	0	698	0	481	548	0	86	0	323	0	392	795	412	555	0	564	436	0	0	0	224	0	659	0	848	895	523	320	0	900	72	0	0	35	0	660	0	0	680	69	0	274	578	0	360	960	0	890	744	488	0	0	834	0	761	685	926	0	477	524	353	0	795	514	38	0	393	0	0	374	0	0	0	0	255	0	78	486	0	376
0	784	633	0	0	24	531	519	114	997	0	583	367	40	965	0	184	0	275	497	494	774	0	0	969	0	1	0	0	0	0	670	0	0	760	742	0	0	0	0	0	845	0	0	0	944	44	779	756	491	538	0	0	0	0	394	0	294	0	0	594	495	218	0	0	0	0	638	0	0	999	0	177	0	452	0	0	0	0	0	0	886	0	643	0	0	0	0	242	0	390	0	0	216	261	0	247	0	0	886	950	0	0	0	0	243	613	345	638	0	149	0	249	147	0	778	262	0	0	549	721	727	0	117	0	0	0	491
209	708	0	614	0	619	255	0	821	0	0	508	0	215	0	399	279	524	206	362	0	0	0	0	0	0	196	979	0	618	0	167	0	570	0	0	256	0	294	705	0	0	0	321	0	689	760	0	0	0	0	0	55	884	0	0	0	0	0	0	0	272	0	0	0	448	0	0	0	424	0	938	0	383	225	968	692	91	0	0	997	0	0	93	518	0	875	0	0	525	338	978	750	836	610	0	0	0	0	20	0	807	97	0	0	0	0	0	835	0	0	0	0	131	790	913	589	964	949	944	0	543	0	885	0	0	284	302
0	0	0	0	974	0	0	133	896	0	0	507	807	0	0	752	630	0	209	80	139	919	863	0	416	997	0	0	0	0	602	0	359	550	674	491	694	129	0	834	759	0	0	919	737	716	632	0	707	0	285	0	0	0	225	4	0	0	0	212	0	0	691	3	0	0	0	0	551	42	515	326	972	225	685	178	0	0	0	0	0	236	0	0	0	751	0	691	0	0	102	0	501	278	361	0	602	0	289	223	0	565	401	67	0	0	116	0	604	930	0	97	529	0	0	732	0	939	937	471	147	432	0	0	0	0	0	779
0	0	0	70	271	451	0	0	0	0	0	352	853	0	399	753	0	393	0	0	790	726	0	0	0	155	671	0	312	0	0	528	0	0	0	215	479	0	0	89	0	0	411	124	518	0	0	767	0	171	33	0	238	0	0	612	387	0	71	908	848	0	217	0	203	223	0	93	0	0	0	102	0	133	618	199	0	0	0	0	635	0	0	0	0	0	0	0	688	0	482	655	0	617	0	0	359	353	787	0	210	0	0	0	998	202	0	0	0	0	217	845	0	0	0	464	0	93	0	282	0	664	296	401	336	0	0	959
680	0	731	0	898	0	0	0	0	0	0	379	0	0	0	0	235	881	0	0	943	900	245	0	0	0	289	0	529	864	0	379	0	0	0	0	520	0	327	699	0	0	368	925	0	861	196	205	302	533	0	434	666	743	755	387	404	0	146	451	0	0	0	677	158	0	0	0	616	0	0	0	0	0	0	586	439	0	0	0	0	0	0	142	452	0	869	549	433	959	183	0	0	0	768	481	586	87	698	375	662	948	0	103	506	0	532	0	30	881	727	0	823	603	88	476	841	0	0	0	0	0	575	812	385	166	243	640
0	0	0	0	0	0	0	0	163	977	508	0	0	643	249	13	0	0	723	0	691	785	0	0	884	0	0	158	0	0	0	840	0	635	181	0	0	286	0	276	0	0	0	0	264	592	0	0	725	76	144	847	0	0	0	0	260	652	0	0	0	0	0	668	247	0	0	0	606	738	147	0	0	535	218	463	0	0	895	0	783	0	0	0	0	0	132	0	0	0	583	671	546	397	946	0	0	0	0	664	650	276	242	0	0	0	0	0	313	86	376	0	0	0	0	989	658	0	0	0	795	0	0	0	0	790	434	0
0	863	582	0	0	0	164	857	0	0	109	859	394	0	263	0	0	0	482	271	527	413	135	0	0	0	0	0	0	710	15	212	0	267	0	723	0	0	0	0	31	0	317	0	636	737	942	197	338	420	798	0	130	0	656	126	0	366	779	0	934	0	0	177	703	0	362	0	869	0	0	373	0	0	0	0	0	0	134	98	15	972	0	537	879	0	395	0	491	0	402	0	738	0	0	58	0	0	303	615	0	0	285	0	0	0	0	694	345	0	992	147	1	0	0	0	0	463	867	203	0	383	0	685	0	472	267	0
0	0	460	0	15	0	0	0	337	0	212	0	0	0	0	0	308	910	94	0	557	631	295	758	62	251	0	856	113	0	168	0	169	169	476	0	0	849	710	0	450	721	851	584	27	0	387	0	0	0	0	0	0	645	786	0	0	0	0	0	235	474	0	0	0	573	0	0	191	0	0	825	0	603	431	993	969	616	0	0	355	525	321	484	643	0	781	0	0	901	762	735	925	259	0	279	0	0	0	900	227	0	473	331	658	23	381	485	0	807	964	0	0	691	253	0	0	470	746	0	838	922	0	0	0	398	0	716
0	0	0	136	33	503	0	0	0	0	976	898	0	0	12	202	580	208	0	502	134	675	89	0	531	0	0	0	0	0	628	285	212	0	0	0	557	488	734	0	350	0	0	0	0	631	0	0	782	0	0	788	0	0	459	720	0	0	0	0	0	0	354	388	658	0	0	0	0	0	0	0	0	0	289	0	995	410	0	0	0	0	650	0	689	496	0	0	690	844	441	939	991	404	731	0	0	0	0	0	0	0	739	0	309	0	0	378	311	0	837	0	0	0	0	0	354	38	0	449	981	451	317	67	0	0	0	236
385	0	639	346	159	187	0	912	509	0	0	794	0	181	965	0	32	234	664	0	0	0	532	0	0	695	447	0	441	0	296	0	0	318	980	0	0	163	490	161	917	917	0	676	119	484	0	750	289	751	0	0	309	400	33	0	839	0	0	778	0	69	0	0	0	728	848	0	0	952	955	0	648	0	0	0	210	386	897	0	0	41	0	0	947	0	0	0	301	316	59	0	0	0	44	159	895	608	0	173	0	0	0	599	142	20	0	760	574	138	814	0	78	0	0	0	795	0	0	206	840	0	956	498	0	0	117	0
0	880	0	513	0	0	0	0	104	0	875	0	0	0	432	0	0	82	641	518	0	35	747	900	566	254	96	746	810	0	917	0	0	0	331	0	715	585	559	0	930	0	247	579	710	0	0	0	414	0	0	0	373	0	0	964	361	0	382	21	8	0	0	263	0	697	0	214	668	924	0	190	0	0	0	0	495	0	128	282	989	267	836	142	0	41	176	939	672	359	832	0	0	204	0	0	513	812	506	148	647	0	328	194	0	118	0	0	706	248	0	0	0	787	105	980	281	793	0	397	570	365	32	653	0	0	0	34
0	0	431	549	0	0	818	0	941	0	0	0	0	740	0	0	0	426	7	0	0	0	232	671	0	954	838	881	797	725	0	259	378	948	973	842	536	649	0	175	509	204	892	0	0	607	75	417	292	833	710	0	0	264	5	0	818	621	162	0	176	0	0	0	0	0	0	0	0	989	32	0	556	0	0	912	194	0	896	0	0	0	0	0	0	0	986	0	0	373	0	789	810	17	0	0	190	0	0	922	0	739	0	751	882	651	0	0	766	0	0	646	923	942	394	782	614	0	0	0	0	0	0	0	0	423	0	401
165	0	0	0	390	0	847	0	754	0	658	766	0	258	64	0	0	0	0	0	0	0	0	0	0	101	157	0	0	407	0	0	0	660	431	0	551	745	434	502	0	122	0	0	322	0	0	0	0	0	622	0	0	0	959	0	0	0	0	207	0	278	0	0	779	0	739	37	988	22	424	0	87	974	0	284	729	830	0	30	504	0	829	0	0	546	358	562	483	536	455	0	0	750	720	0	486	0	189	0	0	772	0	0	364	0	315	440	68	224	99	169	0	620	0	643	0	956	509	0	866	450	880	0	158	500	0	0
0	0	0	0	0	537	740	819	229	793	45	369	0	522	270	0	0	547	665	0	0	98	314	0	132	0	0	0	65	956	348	0	0	27	501	482	0	0	536	51	142	0	477	0	138	576	264	82	309	365	0	0	0	479	934	0	43	0	0	902	103	0	693	0	313	0	315	0	0	184	0	0	672	0	0	414	0	648	0	93	427	875	273	0	0	0	685	0	908	0	0	439	0	0	0	0	0	0	196	0	0	0	140	0	0	0	298	819	0	0	0	251	0	472	999	0	0	348	0	224	0	0	0	0	600	0	0	0
325	178	89	0	0	0	278	957	0	0	0	119	0	387	0	777	0	317	341	0	780	884	0	193	674	665	0	654	0	173	868	571	0	486	981	246	0	730	536	0	0	918	0	108	52	0	0	0	0	474	496	679	0	723	144	0	943	0	154	647	0	0	0	622	0	96	0	83	590	0	0	0	873	765	921	309	865	0	412	923	176	0	463	719	273	782	0	0	0	0	827	413	0	914	916	181	0	165	844	0	87	0	0	532	836	0	0	0	691	0	466	889	0	0	854	0	0	0	0	0	807	309	0	828	57	143	357	179
0	0	0	236	66	128	937	783	450	0	101	0	769	0	0	330	137	204	0	0	0	0	676	0	0	351	0	0	0	0	0	923	0	678	899	276	0	303	0	0	0	0	0	184	0	200	0	561	0	0	0	319	0	178	112	49	466	0	541	0	0	0	559	0	0	0	891	429	325	0	0	345	0	338	0	0	0	0	0	0	26	998	756	493	0	143	1	0	575	0	0	0	0	783	892	112	0	0	0	319	0	198	784	0	0	49	0	235	749	181	916	803	368	978	0	0	974	542	634	0	0	0	428	214	401	736	40	610
0	228	582	0	0	0	0	11	424	0	0	0	64	592	0	0	953	933	0	0	324	0	0	904	0	795	907	463	350	536	423	0	337	828	0	528	0	0	0	0	547	340	0	0	0	0	0	0	773	287	950	713	14	219	860	931	0	0	770	0	0	0	757	757	847	0	0	0	0	132	941	990	183	488	0	0	174	639	0	0	0	0	0	954	277	514	0	518	0	601	875	189	0	496	124	0	959	254	444	991	0	0	0	0	55	528	0	0	754	92	808	764	0	0	904	0	0	140	0	576	214	0	367	0	0	0	0	500
0	0	587	0	534	208	621	0	0	611	583	0	0	0	0	0	428	0	0	0	0	0	0	734	133	0	0	0	0	0	811	0	0	0	0	0	344	559	102	0	0	405	0	63	193	351	0	0	0	821	0	948	437	603	0	336	67	0	622	505	0	0	0	892	731	0	353	339	0	0	573	0	0	0	6	0	831	0	640	163	876	0	752	0	580	345	696	761	465	0	890	0	69	810	0	838	0	0	479	0	0	414	879	24	828	926	466	830	0	0	826	0	0	337	304	0	159	500	0	455	7	623	332	929	158	0	0	27
0	0	0	0	591	826	0	0	0	431	885	775	524	884	0	890	0	945	547	657	0	0	0	0	0	0	0	135	0	955	0	368	0	172	0	84	95	248	0	207	489	0	734	0	0	0	0	196	0	812	877	385	0	270	0	604	258	0	0	531	767	993	971	0	0	0	456	443	933	866	228	0	0	754	0	485	0	0	0	610	0	0	0	819	875	831	345	0	977	0	576	357	300	820	166	181	0	0	287	204	0	993	0	121	0	0	387	158	309	831	0	727	637	847	0	0	0	28	683	975	0	0	79	843	190	948	0	421
80	78	692	0	0	0	69	221	331	0	0	571	733	0	0	100	791	173	0	0	0	784	620	602	0	49	895	981	448	794	0	218	549	0	0	0	17	664	0	0	0	0	504	0	674	204	533	0	588	0	581	0	153	381	866	0	827	0	0	904	635	0	671	0	915	559	810	0	594	311	12	587	0	362	72	336	0	0	0	784	0	840	102	307	577	152	0	39	0	0	857	657	611	0	0	410	8	0	0	840	0	0	0	300	0	4	0	706	0	465	0	69	663	795	14	0	0	0	93	0	0	0	0	179	0	0	666	561
110	0	886	41	403	0	835	0	175	0	389	26	0	0	645	0	531	205	0	0	831	0	0	0	0	0	0	0	525	0	0	48	0	848	0	346	0	745	0	0	0	0	0	204	122	300	775	331	0	0	312	0	0	184	590	737	425	282	0	0	391	816	826	0	0	582	998	0	878	0	0	0	0	0	0	227	419	780	0	131	0	646	0	0	0	705	833	371	941	47	0	631	0	233	0	0	409	497	0	0	0	80	0	113	0	0	0	0	28	0	0	134	0	0	0	0	633	0	0	559	0	262	13	783	0	375	0	0
527	0	732	0	683	627	276	0	0	882	0	792	61	769	0	603	272	197	345	682	107	711	0	274	503	380	0	0	59	0	0	0	367	0	0	0	348	238	0	0	204	192	701	0	124	547	0	680	0	0	0	354	925	400	0	898	0	685	44	547	444	701	112	260	0	726	205	0	0	754	87	920	0	107	0	0	432	0	566	361	0	150	816	0	294	749	867	817	0	777	301	0	497	921	301	253	962	0	0	0	0	0	0	246	79	489	819	197	0	436	275	0	0	0	0	105	0	143	474	0	0	359	0	0	0	956	0	0
410	0	493	326	0	0	0	495	0	290	0	420	0	819	0	0	607	0	0	0	115	0	403	236	0	640	0	0	0	0	0	0	985	0	554	931	0	579	0	0	759	422	0	0	232	908	0	251	166	0	0	110	0	0	548	0	0	0	0	0	523	0	442	0	0	0	0	613	0	191	0	0	0	779	0	0	22	0	153	0	525	0	620	0	253	104	0	762	913	575	993	945	0	0	699	488	0	0	714	944	0	0	0	0	0	0	0	0	42	649	947	413	265	524	0	0	225	0	0	348	0	0	0	0	0	0	0	0
0	460	0	0	39	687	99	449	0	0	287	781	342	260	454	0	0	0	329	653	0	0	0	748	370	0	0	0	0	735	0	0	0	0	988	643	0	551	315	0	0	617	0	0	0	0	121	321	24	444	0	94	0	128	0	672	935	569	298	986	201	0	670	370	248	578	84	0	228	0	443	325	0	648	0	643	0	21	66	471	0	647	964	390	218	164	0	934	0	11	0	0	2	170	0	696	932	50	0	378	0	0	0	0	885	0	0	261	319	579	0	383	0	670	549	0	0	787	715	0	948	0	517	847	0	794	51	0
133	0	218	986	237	100	143	108	0	0	0	93	604	857	0	822	0	444	464	0	460	404	0	753	631	0	651	536	640	0	0	0	0	534	0	129	625	0	567	300	688	0	0	534	775	0	0	584	0	0	947	402	0	0	678	314	755	0	840	0	587	0	997	0	986	0	0	0	0	0	0	938	601	0	0	0	0	78	0	0	0	0	0	0	0	111	861	0	732	336	852	0	0	0	201	584	0	0	5	0	0	18	0	0	0	0	0	0	681	928	0	511	758	242	0	0	0	527	308	0	943	0	205	0	762	411	0	457
929	0	0	0	0	0	0	590	794	617	0	615	793	0	109	0	710	0	157	394	467	0	0	357	285	639	0	0	0	766	0	226	0	0	564	991	0	477	265	0	0	85	951	703	176	566	0	0	257	0	0	0	0	368	58	0	0	349	178	0	291	0	0	0	553	0	0	326	946	0	0	0	641	327	0	0	357	0	0	827	0	0	637	177	0	920	630	0	0	270	0	0	456	161	249	355	989	238	116	895	656	48	0	455	0	0	0	0	613	855	37	0	26	0	0	0	990	0	0	0	0	0	0	0	786	755	0	575
0	270	0	0	0	0	0	433	0	0	0	846	594	291	0	69	341	493	0	0	271	342	0	48	0	532	0	452	0	0	18	0	837	0	0	0	536	994	0	0	732	756	116	0	249	30	839	0	551	995	0	0	0	0	246	585	0	0	505	0	184	457	268	0	0	0	0	0	302	869	0	753	0	0	0	234	0	0	60	0	0	0	696	969	102	139	997	612	0	916	0	168	19	42	0	546	957	166	968	593	0	80	142	154	560	191	417	398	0	0	0	352	0	577	782	0	242	0	0	0	376	793	0	376	0	0	0	692
0	0	374	66	0	0	369	0	978	0	0	0	0	0	856	536	0	614	0	0	0	0	0	0	114	0	595	0	573	640	0	98	631	0	366	0	0	268	0	0	404	428	369	0	324	0	0	0	810	183	0	0	789	0	383	0	382	274	0	678	360	0	152	423	990	211	204	161	596	0	608	0	674	0	600	720	0	783	1	0	139	0	451	0	992	940	581	0	96	861	0	0	0	0	0	204	441	3	0	727	0	234	0	0	965	496	0	966	505	614	435	0	0	414	62	317	180	171	883	0	328	124	516	637	0	162	0	888
0	0	735	0	261	18	976	0	0	807	0	321	0	0	356	0	773	0	319	581	853	29	502	712	140	277	211	0	15	883	293	0	441	0	750	0	932	6	225	872	0	623	0	136	0	259	739	969	650	0	0	0	0	0	128	922	0	0	0	677	889	0	0	756	0	0	0	895	0	0	480	0	735	0	138	31	762	613	0	673	847	0	353	0	816	0	0	0	510	0	406	0	612	0	814	862	0	0	0	969	206	709	0	0	780	964	466	38	754	0	851	759	0	207	0	0	0	0	435	106	316	0	166	0	772	214	0	133
167	0	214	0	590	607	818	0	0	0	129	0	0	0	0	290	190	0	0	0	0	855	380	110	423	266	342	730	0	574	537	640	0	871	110	983	0	960	0	828	57	30	0	0	0	621	495	813	325	0	685	601	820	234	122	0	0	0	0	0	0	893	0	891	786	558	0	909	0	825	153	0	0	0	395	843	0	830	28	381	829	0	0	0	0	941	853	863	827	0	408	0	0	934	0	0	0	632	0	197	0	330	0	568	0	147	42	898	921	85	0	0	652	362	0	901	421	0	711	661	0	421	0	346	92	105	0	0
0	0	0	279	241	0	673	0	0	175	0	0	868	393	0	203	878	0	0	0	0	0	428	0	0	0	984	521	0	0	771	0	371	0	902	0	884	0	257	521	239	0	0	217	0	0	579	927	0	0	0	442	656	103	800	0	0	335	338	0	0	0	0	0	0	895	806	310	0	584	66	99	0	491	0	928	332	230	133	0	141	40	731	0	55	478	488	560	565	0	434	889	0	222	638	835	0	0	178	733	0	104	0	461	206	0	664	0	0	804	490	0	824	463	0	163	617	0	852	583	413	0	0	0	399	171	134	0
610	554	501	112	817	240	623	0	0	0	0	579	0	0	312	0	890	992	908	0	0	230	296	593	0	25	0	834	0	436	0	748	769	0	585	813	0	561	809	0	767	49	0	0	0	0	0	463	339	0	0	0	569	391	108	430	0	0	0	0	819	347	0	0	357	0	823	0	0	679	121	635	0	763	892	0	0	645	0	645	0	0	586	772	0	0	217	0	0	421	0	0	103	0	0	124	883	159	567	244	236	0	0	0	935	0	409	0	52	534	542	499	0	0	892	233	133	0	0	956	0	469	0	252	233	894	0	0
159	0	893	0	502	430	262	623	831	0	0	0	0	0	0	399	0	0	505	759	586	0	0	0	897	0	395	596	0	682	0	610	0	0	430	340	791	655	0	545	236	862	0	0	0	0	513	243	0	946	845	986	740	311	0	883	523	444	278	299	806	389	0	0	0	861	850	0	863	97	310	0	0	104	0	418	0	0	0	323	217	0	0	0	0	868	250	281	0	960	373	0	0	0	599	974	0	0	695	0	170	0	0	0	536	0	0	0	0	0	0	203	25	0	166	0	0	425	0	0	916	437	823	738	0	41	0	0
0	0	975	0	604	14	929	0	0	154	984	631	0	242	0	921	0	0	0	435	143	517	298	956	768	0	498	252	0	76	0	0	635	0	0	137	13	0	0	28	452	0	0	0	538	20	390	0	826	630	0	789	667	0	0	171	669	0	9	534	409	0	0	884	0	0	0	0	897	0	0	0	0	265	0	0	0	880	461	981	0	0	854	0	646	112	880	555	0	0	0	0	643	788	0	0	752	0	572	0	409	329	283	0	755	0	0	0	980	0	0	0	88	0	723	0	0	615	0	0	0	189	110	0	0	23	489	362
0	445	925	177	0	730	0	0	0	164	0	0	730	931	0	947	0	0	749	203	0	619	973	544	0	52	55	235	24	586	787	0	0	773	0	0	263	0	0	0	742	626	288	285	537	0	383	133	68	0	0	549	0	0	0	99	157	0	0	424	0	551	0	741	360	0	0	260	0	895	0	11	0	823	0	0	0	964	0	0	677	0	113	0	0	727	0	0	0	75	765	0	0	0	856	642	0	0	752	189	418	888	0	0	34	0	0	0	289	0	85	997	649	0	454	559	0	321	935	0	609	193	0	0	0	686	674	958
0	0	0	455	0	0	644	0	418	0	0	552	34	736	201	949	290	569	0	0	0	0	0	711	748	291	393	0	0	0	0	307	852	211	0	301	0	0	0	0	0	707	0	0	0	170	692	105	375	429	236	0	783	275	0	411	512	362	578	0	0	93	0	0	0	0	995	0	0	0	384	0	0	0	0	0	774	0	0	600	0	37	0	0	803	0	210	287	0	0	0	0	0	44	0	237	405	0	432	0	0	28	0	629	295	727	827	0	0	671	45	580	0	305	0	391	0	0	0	0	0	0	0	0	0	0	229	633
595	45	813	0	0	0	472	878	0	0	0	758	101	0	0	69	878	686	617	445	892	0	0	209	0	0	0	693	0	415	0	484	964	0	158	4	0	0	0	0	0	0	899	0	0	0	750	183	82	0	786	0	627	0	0	0	197	0	501	693	814	429	52	161	256	298	0	0	864	0	0	951	0	604	0	0	993	0	70	483	298	0	0	0	0	375	958	491	0	0	667	315	0	0	0	0	0	0	0	0	0	0	706	0	0	0	65	263	0	0	214	601	138	681	538	292	671	83	0	0	4	0	0	598	747	785	0	0
0	0	0	0	0	568	0	284	0	5	845	657	913	0	0	360	309	0	48	0	933	0	0	254	0	788	0	0	0	47	0	0	0	611	0	119	273	0	0	177	485	0	48	0	0	257	973	0	0	780	0	913	0	222	0	656	224	929	552	673	18	62	820	0	0	339	0	0	73	0	0	674	0	49	0	0	0	233	0	0	0	786	0	270	803	0	0	267	0	0	0	0	0	81	379	0	326	0	0	867	671	205	0	0	0	0	898	0	0	803	216	0	0	983	306	0	0	0	0	362	68	0	0	0	0	0	0	0
542	0	113	380	0	407	123	0	0	0	190	0	0	418	0	572	0	0	0	0	675	0	586	0	750	960	322	0	0	17	0	0	0	22	239	0	0	0	0	0	752	0	965	0	994	716	93	291	0	477	59	998	0	109	433	0	0	277	923	789	605	0	0	747	0	759	113	914	0	557	0	0	370	942	807	273	939	0	0	0	418	0	0	818	0	286	888	0	7	0	0	343	0	0	0	0	355	546	0	74	0	180	0	0	0	860	0	0	0	0	722	0	0	0	388	0	0	365	0	472	0	0	0	985	0	517	104	0
0	0	0	915	201	359	0	888	0	0	0	735	984	0	0	616	633	0	892	0	25	832	918	0	0	0	662	746	0	323	398	0	0	0	135	871	0	0	957	0	976	397	0	572	906	288	0	839	710	0	0	0	0	0	0	0	0	212	0	197	49	345	0	873	0	0	0	64	0	0	0	805	619	0	0	0	373	156	168	0	472	425	347	307	956	0	0	990	0	0	0	0	0	693	0	678	475	0	419	553	0	0	324	0	30	0	909	0	0	0	365	0	0	0	0	0	939	296	371	0	49	0	715	0	893	650	998	563
895	0	626	235	0	0	0	67	0	77	0	0	937	663	0	814	932	0	202	364	380	7	0	711	0	0	0	0	347	0	60	0	168	0	80	750	0	443	0	0	916	0	0	675	0	487	0	0	660	0	0	0	0	84	476	0	0	7	0	253	0	0	690	0	943	0	0	419	130	0	0	588	580	0	311	0	0	5	0	881	0	0	0	0	0	170	609	181	473	0	463	195	0	517	0	46	0	0	481	0	0	0	274	858	669	0	0	833	464	0	0	624	557	0	648	101	0	174	589	0	0	0	671	41	458	496	0	0
273	0	230	781	0	0	47	32	750	0	965	754	0	0	497	0	0	0	23	547	642	0	204	0	0	0	0	0	0	0	159	804	301	546	0	717	0	0	891	943	637	937	108	717	262	0	0	0	0	954	0	840	406	152	0	826	0	970	0	0	827	0	0	0	106	270	432	365	808	0	375	919	0	786	0	0	0	993	0	421	0	267	7	0	947	468	0	219	0	324	12	0	0	944	0	208	0	0	0	957	666	644	0	749	0	658	682	0	325	118	17	0	650	305	0	0	309	0	0	209	163	0	589	712	0	0	444	0
333	0	921	834	160	246	0	533	505	0	769	134	0	656	636	0	3	0	0	0	742	0	0	527	969	0	143	0	0	0	0	348	0	0	189	792	331	0	0	725	0	358	461	0	0	0	0	0	0	214	0	782	0	667	0	832	0	0	63	350	914	0	0	0	351	640	50	331	506	0	656	0	0	924	68	0	0	766	0	0	290	665	0	302	638	0	0	0	906	0	662	0	0	354	695	457	996	0	422	0	0	407	0	359	652	6	362	792	0	0	973	606	481	0	516	0	0	225	0	0	60	0	312	527	819	549	199	0
0	896	0	0	0	517	0	0	562	0	268	0	347	0	0	0	0	0	152	0	602	18	612	667	997	819	0	0	0	256	0	278	628	0	0	937	690	0	0	166	0	0	0	964	502	757	0	0	784	0	837	0	0	0	585	733	0	0	0	0	0	0	779	210	0	628	0	0	0	390	887	0	497	706	0	629	81	0	0	0	0	0	0	0	0	55	357	89	0	460	297	319	504	385	282	0	0	0	380	543	946	0	0	0	641	0	0	0	121	547	792	915	149	635	0	624	0	600	901	393	539	0	0	0	0	0	697	0
0	0	77	0	95	0	45	708	919	661	225	670	517	946	0	0	0	572	0	0	0	758	0	715	759	0	515	723	0	0	481	0	0	207	556	823	420	21	0	681	435	0	0	0	249	0	1000	0	880	0	425	544	313	664	219	505	0	176	0	659	917	683	0	601	293	0	553	480	0	0	100	855	906	740	1	0	776	0	470	154	0	280	52	64	978	462	0	815	846	0	0	0	0	651	522	155	163	0	72	0	0	0	513	702	0	165	471	0	123	0	0	0	769	0	437	358	0	945	0	856	0	809	760	497	736	0	0	0
0	91	990	586	0	729	607	478	986	310	31	0	0	0	0	674	0	0	958	820	574	0	306	887	0	0	0	628	807	380	42	930	795	0	781	0	810	318	678	0	186	348	0	489	0	388	848	0	0	0	0	724	550	839	13	0	945	0	580	0	0	209	0	426	579	0	0	0	323	0	438	0	195	163	0	0	795	0	43	0	0	1	0	0	0	531	216	697	0	114	0	124	868	438	0	541	925	21	0	0	0	121	0	0	343	0	0	230	691	468	0	113	0	203	0	107	106	992	0	964	0	87	633	81	0	965	958	0
0	0	0	594	537	0	1000	149	0	0	0	858	584	578	626	228	329	0	0	133	959	0	652	0	170	0	0	0	0	204	244	129	0	0	0	403	485	0	0	603	0	0	0	19	288	100	0	48	0	34	0	0	934	0	0	0	0	0	20	590	0	0	447	0	484	212	280	0	688	76	731	0	503	0	0	0	868	0	673	0	868	0	606	0	481	0	200	709	890	458	515	7	258	0	0	0	233	852	769	0	323	808	738	518	0	770	0	969	0	0	709	212	249	0	0	0	18	639	0	107	50	90	224	820	0	612	0	108
548	0	0	643	0	823	0	0	462	0	224	896	0	602	95	0	0	561	0	708	0	0	0	0	0	0	74	721	265	0	768	443	927	0	0	0	136	0	0	702	249	944	0	0	0	317	258	801	0	0	109	0	0	0	511	904	0	269	0	137	0	0	0	205	0	0	517	0	0	0	463	0	0	894	845	0	507	105	0	371	434	557	0	1	0	660	0	584	0	130	0	606	726	0	713	0	945	377	0	543	0	0	0	733	942	209	948	0	0	632	511	832	653	0	0	793	0	997	0	0	860	0	43	0	0	206	0	860
167	29	0	0	0	502	0	0	0	0	912	970	0	923	624	0	0	0	0	0	586	0	0	0	0	17	486	118	715	729	0	456	297	0	311	0	297	7	0	627	359	276	681	0	15	608	0	0	479	0	938	966	48	152	0	56	262	0	747	75	0	0	0	0	229	827	602	0	0	805	860	0	964	320	341	618	849	808	622	0	0	544	0	689	998	0	0	499	0	857	0	0	0	626	0	0	0	358	848	0	174	0	0	0	53	0	0	274	908	984	0	0	0	218	0	0	155	0	12	739	0	838	0	0	19	0	627	182
0	0	0	609	152	853	229	0	0	746	0	336	0	0	0	513	713	791	79	0	0	0	0	0	34	865	0	0	304	0	813	0	0	0	717	0	340	0	0	299	280	900	0	0	0	0	78	427	201	999	0	179	701	0	0	0	213	0	0	0	0	967	0	453	0	0	0	0	0	796	0	0	0	0	0	869	350	0	754	222	628	489	317	948	601	0	107	852	0	22	32	956	73	695	712	716	803	239	0	567	432	0	0	0	514	0	0	494	302	0	507	478	902	0	61	0	555	671	0	0	0	0	379	0	0	0	0	0
0	651	50	0	580	246	983	0	0	0	0	0	0	290	0	395	344	0	426	353	0	0	392	0	131	424	161	0	38	0	0	0	673	0	0	0	976	0	265	611	0	0	723	0	0	0	200	536	299	267	0	83	0	0	0	0	498	0	0	891	0	0	515	106	3	208	0	371	551	0	886	183	0	0	0	236	0	198	0	655	0	0	0	56	690	0	0	296	0	0	0	0	59	0	951	956	0	0	0	135	0	0	0	0	552	0	130	0	0	639	962	0	943	0	0	164	598	0	962	0	0	0	0	0	318	882	567	0
244	0	0	0	906	697	0	122	819	215	0	225	0	158	286	0	0	313	457	302	0	351	211	138	0	489	805	909	0	524	227	0	440	0	0	223	356	664	0	0	694	135	716	0	0	459	0	745	0	914	0	0	261	0	0	762	0	0	493	0	885	48	0	636	611	0	178	0	0	0	258	914	180	70	837	32	0	0	989	22	725	0	867	401	105	0	416	0	338	0	210	0	0	863	802	0	168	889	0	454	843	902	393	0	0	462	0	0	151	0	582	0	0	796	289	0	0	0	0	0	0	310	0	0	0	512	0	787
0	420	0	0	0	0	0	896	371	504	0	114	0	139	0	262	283	0	130	822	933	0	165	0	0	699	0	0	883	976	0	240	604	46	865	526	683	199	557	500	0	0	0	0	480	507	0	841	458	559	0	719	309	0	0	0	0	0	0	0	424	636	876	0	0	323	88	99	0	154	659	854	0	0	546	184	60	470	190	538	0	492	0	0	243	0	0	614	32	0	357	0	0	317	0	807	337	0	343	330	87	0	650	414	908	0	0	799	0	940	632	0	325	0	358	804	0	0	764	123	702	0	157	0	578	0	0	0
0	25	81	0	105	0	0	436	0	0	0	329	0	60	0	241	0	0	0	338	423	0	0	0	57	84	0	40	0	880	0	0	137	0	53	901	937	0	0	0	270	904	0	615	870	0	0	853	0	670	0	818	0	0	566	0	843	211	0	631	458	902	0	836	0	727	159	0	270	0	958	962	742	999	0	384	0	335	695	337	0	0	903	444	338	907	968	830	0	0	199	644	876	0	813	0	903	823	0	0	148	322	75	978	135	0	0	0	495	318	0	47	0	985	732	451	0	150	665	513	0	397	87	623	0	621	243	0
0	921	0	0	426	0	0	335	0	0	0	0	913	0	0	0	0	708	147	0	0	657	831	926	0	0	0	884	0	0	0	980	882	778	0	975	149	0	51	0	0	947	1000	0	99	600	4	0	598	0	0	65	0	42	196	0	0	222	344	416	0	933	0	0	378	0	90	0	0	813	0	0	0	333	0	76	0	0	304	727	0	0	905	0	0	382	0	361	291	0	464	0	436	0	194	665	0	0	95	0	0	162	509	0	991	0	464	0	552	0	0	0	0	0	0	0	0	969	0	96	17	0	0	0	0	336	584	0
87	0	534	261	0	131	266	0	435	121	0	891	0	711	4	0	0	565	0	0	0	425	0	325	506	0	0	998	55	0	17	0	736	130	125	0	0	0	0	0	122	643	0	0	951	0	0	0	0	0	301	822	0	0	915	0	0	0	989	0	586	913	0	0	0	0	854	4	0	221	374	759	0	0	805	0	34	570	445	0	418	553	347	218	0	0	89	0	0	338	0	0	132	669	0	0	0	113	0	0	121	150	386	0	971	986	628	312	31	451	0	0	0	0	0	0	575	0	825	238	0	0	0	448	270	892	0	0
609	617	0	0	185	933	0	0	612	402	924	322	0	170	0	0	0	0	0	10	616	0	304	222	121	0	0	0	0	923	0	0	227	0	905	694	0	569	0	921	467	0	991	454	0	0	0	429	108	428	401	0	124	759	0	833	0	0	667	0	0	0	0	880	752	20	512	695	0	0	734	0	365	0	735	209	337	0	0	46	887	741	922	503	0	893	0	0	0	990	0	0	0	392	0	158	643	0	17	0	177	43	325	0	0	372	0	0	0	446	0	821	207	0	0	0	787	694	0	392	673	0	0	0	614	0	0	0
0	966	615	0	0	651	177	0	175	651	673	565	778	595	0	0	0	263	0	0	588	82	912	318	0	310	0	444	632	2	509	0	536	874	290	810	207	13	0	0	0	527	0	99	0	0	0	370	0	0	949	0	740	622	0	853	391	862	0	0	964	0	8	60	0	637	0	717	0	978	0	0	0	0	344	0	0	0	0	991	725	0	0	150	0	347	86	260	350	821	909	849	0	0	280	0	0	0	0	422	598	0	226	0	107	0	922	982	275	0	0	911	132	816	291	0	141	0	0	0	0	0	0	0	961	0	640	0
0	0	462	652	60	280	157	0	0	0	0	341	93	0	0	502	479	312	0	0	767	0	963	593	0	0	93	0	120	128	413	278	0	0	0	606	0	0	296	0	534	170	0	951	0	0	901	0	382	280	0	277	0	859	850	0	0	0	0	222	0	298	798	0	0	0	476	0	0	0	70	0	0	0	572	0	0	0	193	595	368	0	272	0	139	808	7	0	0	0	454	0	677	0	579	0	0	0	912	841	336	183	0	981	15	0	303	0	26	450	454	0	877	0	914	0	686	0	866	0	0	785	0	0	0	0	0	0
0	0	0	605	489	457	0	0	0	361	714	0	424	0	0	0	0	484	0	0	0	948	316	0	117	108	0	77	0	252	704	434	451	0	911	604	476	858	658	23	947	0	182	0	784	814	956	672	0	0	574	0	0	170	953	0	343	0	0	0	401	173	0	374	0	466	99	974	0	155	0	0	38	0	707	0	0	0	0	280	0	178	0	683	0	0	0	0	0	483	729	570	20	275	647	795	0	0	0	0	304	0	552	0	0	0	302	81	0	0	0	296	485	0	244	826	0	0	0	0	0	146	0	40	105	0	0	100
0	0	479	0	0	0	0	438	260	785	0	0	0	431	592	831	529	0	0	0	0	447	243	720	0	183	0	465	293	0	0	576	186	0	0	0	0	944	0	0	108	324	114	4	0	67	0	0	0	542	0	272	617	0	497	437	918	0	0	0	700	0	199	237	0	0	0	0	847	0	0	0	0	0	0	0	742	703	0	0	0	507	93	0	201	0	364	733	919	646	0	163	886	791	246	0	720	514	0	711	568	0	0	0	0	393	0	0	860	0	0	782	0	0	0	582	0	504	965	0	0	624	0	966	0	520	0	869
923	700	78	0	588	0	0	173	323	0	0	0	0	421	0	0	840	0	0	631	0	0	427	0	211	0	417	599	0	0	720	960	229	0	0	0	0	701	700	606	487	539	0	0	344	0	0	930	0	0	0	0	588	779	917	0	0	588	888	0	542	0	0	0	0	718	0	847	0	0	0	761	249	682	89	0	0	584	0	0	0	0	262	0	522	0	0	33	0	754	0	0	239	0	0	0	723	791	0	762	0	930	0	0	0	211	806	977	234	484	0	0	959	0	0	825	0	228	879	973	520	474	896	161	468	0	383	0
0	0	312	0	907	516	681	728	60	921	412	222	442	0	934	0	601	0	0	0	0	395	0	573	804	3	0	253	0	0	0	0	0	0	0	537	108	225	0	721	0	0	985	0	397	380	211	0	0	0	203	729	0	147	0	238	0	0	0	306	0	0	0	0	0	0	304	717	901	406	0	0	0	885	249	0	0	423	0	642	938	140	414	0	288	0	0	843	0	211	172	859	42	325	0	0	919	0	619	894	0	698	0	0	0	844	498	138	661	965	0	0	0	0	861	214	0	0	955	0	0	0	131	0	0	0	690	0
0	630	832	147	731	0	0	0	0	0	63	0	0	0	0	692	0	0	216	488	3	797	0	539	0	127	0	474	51	847	0	322	495	874	55	0	140	895	0	0	0	0	0	984	361	0	0	0	0	0	0	602	685	755	0	919	0	0	0	423	0	278	212	118	345	240	342	819	0	0	0	0	196	0	400	0	72	0	496	854	0	448	0	0	201	232	316	0	528	170	93	0	0	0	402	400	0	0	944	0	0	0	0	0	0	0	73	0	401	328	0	56	768	0	648	0	599	796	695	0	535	0	760	0	844	0	0	0
660	0	675	919	348	0	0	0	276	0	675	0	34	412	357	0	483	0	0	928	0	0	0	0	944	0	520	839	610	629	168	836	281	0	0	0	0	0	221	276	838	191	717	126	0	0	142	85	276	0	481	353	665	9	147	0	0	0	252	44	937	0	0	0	0	0	0	0	448	266	0	0	911	594	108	0	669	987	0	276	0	411	349	385	0	858	324	197	538	0	311	677	0	500	0	0	0	201	48	45	285	886	906	365	991	894	160	0	0	596	485	903	978	0	0	392	0	0	0	0	0	0	153	941	786	0	279	177
0	868	0	904	0	0	0	682	0	0	743	0	0	0	111	577	0	700	0	843	531	723	0	0	0	952	0	0	738	0	0	0	0	259	0	525	170	0	727	533	0	213	637	0	0	250	0	0	830	400	352	0	554	0	0	328	338	680	0	414	299	838	0	0	0	0	108	0	0	865	87	349	0	470	0	0	0	914	962	551	499	0	0	85	262	217	0	0	274	0	562	0	0	519	0	0	157	368	492	0	0	249	0	0	0	270	0	5	616	0	0	0	0	0	696	0	887	0	0	0	0	0	789	916	0	1	976	591
397	246	0	0	686	947	0	495	0	0	129	0	0	0	0	432	777	0	66	0	0	0	0	73	345	814	0	0	0	0	0	0	104	0	801	197	967	205	0	548	0	880	0	0	0	0	961	0	0	0	280	0	964	0	0	512	197	281	0	0	80	216	0	0	0	0	0	0	713	867	491	0	72	604	354	0	0	1	601	865	0	679	176	0	0	0	546	0	0	0	966	479	0	767	0	0	648	0	0	624	0	800	0	0	0	0	609	0	778	0	520	0	164	0	0	213	0	0	483	0	0	0	0	0	0	981	3	955
0	881	0	0	0	0	0	0	0	0	0	813	0	0	0	0	0	0	446	843	959	585	0	0	0	498	0	0	206	886	677	50	0	0	0	0	352	540	0	0	0	143	0	0	0	746	0	0	276	930	0	0	0	106	880	0	0	0	0	0	517	289	953	0	0	366	0	0	0	0	113	0	0	94	0	0	0	260	805	0	0	438	640	208	0	534	0	0	0	496	718	133	0	492	0	0	950	0	700	624	0	0	781	717	33	215	168	67	721	863	321	0	0	406	637	537	412	36	0	957	325	147	163	268	653	718	0	0
172	0	0	472	794	0	102	608	0	0	0	628	0	911	638	0	550	654	0	413	0	140	594	0	808	621	455	539	0	0	0	384	0	0	0	0	0	0	0	995	0	0	395	466	108	0	0	128	509	495	0	180	780	219	759	176	721	0	645	0	0	642	356	0	803	850	0	528	0	598	0	570	0	0	0	0	0	481	649	0	184	0	45	0	542	0	298	0	0	0	0	0	0	436	40	911	734	0	489	43	0	0	0	968	0	0	0	593	0	0	0	0	487	0	982	557	282	636	0	0	995	73	89	233	0	221	0	0
0	660	323	0	550	866	0	556	414	0	0	525	90	0	0	374	0	184	0	411	0	61	0	686	915	0	373	826	779	610	0	313	0	392	0	712	0	0	876	0	0	0	0	870	0	962	0	255	908	352	0	325	633	0	589	416	0	391	0	0	334	0	0	0	834	0	146	453	0	0	667	704	311	392	0	25	969	0	0	784	0	226	0	10	676	0	9	829	0	0	631	832	0	874	63	614	0	0	527	339	370	0	359	805	0	0	0	0	904	0	854	286	22	0	0	0	0	0	976	0	0	0	0	897	0	812	0	750
275	0	0	352	804	640	0	927	0	0	0	0	0	0	348	438	0	0	0	0	0	692	119	539	0	452	0	0	116	0	0	502	0	342	0	0	0	0	387	103	0	639	0	0	0	0	0	0	0	414	0	0	0	0	759	0	0	0	183	0	987	468	297	0	0	494	0	729	0	795	0	668	103	0	0	0	0	37	718	468	805	0	0	0	199	7	381	252	0	0	0	118	210	0	0	0	315	174	30	429	0	0	0	381	0	0	182	0	926	416	0	0	834	0	676	0	352	653	0	320	384	0	0	718	801	0	0	916
595	0	736	0	0	0	386	957	0	0	707	0	0	0	673	917	0	0	345	519	233	0	0	0	0	502	771	0	0	759	0	981	0	0	112	136	153	0	0	0	0	324	0	797	838	42	999	583	699	589	0	513	384	0	0	0	0	0	0	263	0	377	645	313	0	0	943	0	442	534	66	980	429	480	761	0	0	0	426	0	0	852	458	931	586	0	0	0	703	0	744	358	619	0	0	0	315	0	471	0	0	901	0	314	0	468	143	257	0	0	368	961	0	0	488	949	592	41	565	947	0	0	0	692	0	0	648	0
0	9	917	0	0	0	0	0	0	326	880	0	101	0	196	92	556	0	42	961	396	729	0	0	0	0	0	571	0	354	0	571	214	705	0	0	671	769	0	0	0	422	841	662	0	0	0	648	19	281	257	864	87	0	462	0	282	796	903	0	0	428	780	968	0	33	0	0	0	622	1	148	0	206	846	523	657	404	0	416	713	0	0	0	657	0	0	85	641	183	183	545	815	0	721	0	537	0	617	0	442	578	525	237	0	733	0	919	277	0	0	454	111	0	0	0	772	418	894	82	0	0	0	558	757	59	0	0
0	380	186	0	0	252	0	0	851	0	0	0	339	0	0	241	586	229	324	0	888	691	772	0	0	0	0	0	940	0	0	0	643	0	413	509	350	367	0	0	0	0	459	95	556	349	139	423	0	0	454	943	913	0	625	176	365	477	823	476	245	363	594	0	0	0	0	0	591	0	791	834	0	0	0	0	889	91	0	0	0	0	246	0	0	690	0	0	687	0	0	4	0	0	0	0	16	912	159	0	0	761	0	0	725	0	137	0	0	150	816	0	0	0	0	0	0	0	22	0	0	68	0	157	0	798	4	203
410	0	653	978	753	0	565	0	676	0	0	0	488	0	639	9	0	472	0	0	0	801	0	0	0	449	0	747	897	178	497	882	0	0	198	0	31	332	802	0	0	395	0	120	841	703	0	186	394	0	0	744	0	757	433	319	0	976	935	0	565	0	932	0	0	844	123	0	0	425	0	756	751	0	358	0	0	0	795	554	0	0	746	0	0	452	649	0	364	0	0	0	0	517	250	0	0	0	235	840	0	0	0	0	0	0	0	284	0	129	25	247	0	0	0	209	575	0	0	887	679	0	0	0	0	56	626	0
0	0	891	45	0	0	0	0	103	703	864	0	589	79	0	247	0	0	0	675	0	741	0	0	0	845	145	650	670	0	0	0	0	0	921	0	858	0	0	300	0	0	0	261	231	0	0	426	0	251	0	0	0	0	0	0	0	281	0	368	227	0	937	0	0	0	871	0	0	0	0	0	726	0	0	275	0	0	0	0	387	0	450	0	383	438	725	0	792	0	742	797	0	286	553	297	0	689	347	0	297	0	0	0	3	374	0	0	384	0	0	362	0	0	510	801	0	720	374	568	0	159	0	0	0	0	0	860
0	779	143	0	0	802	927	205	309	0	476	611	739	0	0	0	0	531	0	0	234	613	360	0	0	342	0	807	675	582	0	494	0	648	0	258	0	984	0	0	44	0	444	62	389	0	0	0	830	212	659	687	334	999	22	859	0	0	0	996	0	0	0	0	0	0	518	0	0	153	0	0	0	771	0	877	934	46	0	0	29	0	2	0	0	0	0	0	370	46	221	481	561	0	0	0	808	0	775	316	0	0	0	981	942	955	496	0	0	0	0	0	927	352	994	0	0	54	63	0	0	663	0	0	0	0	0	0
0	931	528	0	952	0	0	0	0	499	0	802	567	566	0	244	0	0	453	0	0	992	953	769	44	0	0	463	911	242	0	484	97	998	0	0	732	747	327	0	0	440	663	0	0	777	0	245	0	68	0	751	384	495	401	0	184	0	0	725	0	0	0	0	268	0	0	834	878	230	0	478	0	91	855	0	0	0	69	508	0	731	374	0	675	507	50	0	0	693	0	0	177	925	0	0	0	0	0	525	0	977	813	0	0	108	0	0	0	541	900	947	984	0	0	0	0	0	271	0	270	439	456	0	0	0	0	427
259	0	0	0	921	152	0	782	0	0	0	543	910	569	627	594	0	0	0	862	0	325	187	409	0	0	0	0	538	730	0	36	0	0	792	331	0	0	937	0	0	0	253	375	0	76	211	866	43	221	0	0	0	0	190	0	563	555	0	0	0	105	710	957	0	0	0	0	0	0	0	0	367	0	0	600	0	341	0	0	0	0	538	0	0	770	0	730	402	0	0	0	869	0	207	228	0	494	0	0	371	930	0	0	0	0	936	0	969	257	0	0	618	0	756	0	0	0	0	0	398	535	665	657	0	196	0	735
0	385	0	0	538	0	0	695	0	0	508	839	0	0	0	338	667	604	0	0	0	0	0	451	938	0	0	0	283	0	0	0	0	0	0	0	261	92	870	0	0	242	0	878	0	0	590	331	0	168	502	0	422	785	121	0	0	0	829	48	95	157	892	0	0	875	0	0	0	0	0	885	0	0	0	0	327	507	958	25	545	788	726	0	316	0	699	0	0	0	0	244	0	394	0	604	303	0	0	0	0	534	0	0	875	353	83	737	0	917	270	0	213	606	699	441	0	768	354	94	2	0	982	489	710	758	0	26
0	0	0	0	299	689	115	0	258	443	0	0	834	0	109	0	0	590	385	214	0	0	0	948	0	155	0	0	71	0	0	0	802	124	515	0	531	0	0	0	215	178	748	0	320	882	0	160	613	0	713	731	306	0	0	863	871	47	196	0	0	875	0	0	883	969	0	0	835	754	0	0	811	822	0	0	0	12	0	0	0	0	219	0	599	0	192	0	0	90	103	0	959	0	918	0	0	0	0	0	0	0	0	118	0	822	0	0	0	0	30	399	0	38	141	0	140	708	77	456	0	0	0	0	0	921	168	709
724	702	274	0	0	83	875	0	703	0	0	0	297	0	321	970	581	561	0	117	926	703	910	245	194	940	0	0	947	0	0	886	0	760	245	0	0	959	728	0	0	0	0	50	810	0	63	0	0	287	953	0	0	0	0	104	6	0	0	20	292	0	0	985	392	0	0	0	635	575	0	146	499	0	805	0	93	586	50	991	418	210	253	241	832	0	0	0	97	674	0	223	0	0	0	809	0	925	0	0	0	0	347	721	938	0	0	682	732	624	10	445	0	388	607	0	426	0	0	0	0	0	0	820	214	0	406	0
0	0	0	792	501	0	0	0	0	0	0	0	0	0	426	0	332	193	0	17	424	0	0	118	669	0	0	0	0	0	0	326	0	0	0	0	601	0	839	384	111	394	788	0	0	605	0	0	0	610	253	0	0	306	0	0	187	601	308	0	330	943	521	0	0	0	994	756	0	452	975	187	0	87	0	374	691	0	204	0	0	0	0	527	0	0	957	649	0	96	0	0	0	580	0	0	0	969	0	138	0	980	282	0	0	0	0	0	548	0	0	142	966	601	0	67	0	250	0	57	133	575	925	0	705	882	98	77
805	143	0	0	847	0	851	786	0	137	266	540	485	668	0	284	250	716	0	550	0	0	301	219	0	0	391	0	0	261	964	13	609	806	0	0	0	311	912	307	143	0	332	0	0	0	0	0	0	0	345	832	628	0	0	238	0	692	301	164	40	0	15	27	0	80	314	0	678	0	0	0	429	138	0	0	625	0	0	657	0	0	0	0	460	366	0	0	0	0	0	454	0	0	0	436	919	115	447	0	312	456	271	0	0	617	134	0	417	195	141	0	529	0	0	95	0	910	0	375	0	0	0	813	0	503	933	0
0	42	0	284	0	0	721	0	0	0	20	288	0	0	0	739	710	0	246	292	661	0	0	0	230	0	0	0	950	86	0	0	229	0	84	0	680	0	0	390	680	727	0	0	125	457	88	14	275	810	826	166	0	0	241	217	0	0	197	797	154	151	668	509	217	505	0	188	0	334	0	702	0	159	0	838	647	78	0	448	0	0	247	434	0	763	245	458	658	551	58	699	377	108	0	0	0	592	67	950	0	510	358	0	0	0	70	31	444	0	0	606	330	0	700	161	920	0	0	0	913	0	0	858	0	138	351	423
0	0	904	711	0	43	0	312	0	0	255	0	0	448	0	0	258	544	0	0	0	964	655	0	212	189	722	0	0	0	25	133	462	768	415	453	0	471	807	326	0	0	0	0	686	0	0	448	494	90	277	66	0	0	0	0	0	663	81	0	0	891	86	393	0	0	0	0	426	193	351	0	0	0	0	0	322	0	0	0	301	587	0	711	9	968	132	0	872	0	564	281	331	412	617	0	413	0	0	200	0	0	823	0	877	0	181	31	889	0	277	0	774	279	228	0	800	745	802	525	0	0	0	0	414	0	685	865
125	0	0	470	451	0	682	0	90	0	8	0	0	5	235	596	861	0	0	0	982	847	0	135	0	913	0	0	0	434	0	742	637	0	0	0	41	931	0	0	916	0	618	718	0	283	0	275	787	611	0	0	0	0	85	0	0	0	550	0	684	18	683	0	717	540	0	940	0	0	234	625	552	0	456	495	490	0	903	0	0	0	0	643	579	448	0	591	0	0	0	0	593	0	110	557	980	561	49	608	662	851	0	57	0	618	0	419	952	926	0	211	0	0	0	447	0	0	212	0	0	0	0	0	585	107	284	895
0	417	0	724	291	0	708	31	767	0	0	0	562	224	0	971	383	0	0	684	0	407	0	0	0	403	103	0	817	307	0	278	0	144	0	591	0	677	0	0	783	224	521	62	0	0	0	0	0	243	75	0	676	166	0	0	757	0	101	0	556	0	0	0	492	534	371	0	667	0	164	0	538	0	935	448	0	716	511	0	437	0	0	0	0	0	0	0	193	0	0	73	0	394	0	926	0	0	0	0	418	781	0	306	0	309	0	0	72	0	448	0	709	0	833	0	194	143	359	0	76	0	0	0	704	709	232	0
86	827	148	954	0	224	0	416	0	962	288	7	0	895	0	0	610	435	0	608	0	389	539	0	560	0	832	741	0	0	808	777	117	196	65	709	424	0	0	0	755	0	0	0	39	906	413	0	0	0	0	0	0	0	0	0	0	482	0	56	0	0	891	0	3	0	0	0	0	0	0	993	972	224	572	97	0	0	0	655	0	239	0	892	0	0	0	0	7	0	133	174	0	0	0	0	397	0	846	561	679	201	0	984	942	0	821	489	0	238	0	310	137	786	783	630	0	0	434	281	0	0	539	0	857	276	562	632
0	693	0	0	406	0	260	563	0	0	681	0	0	0	77	0	605	0	0	0	0	484	0	0	0	375	70	0	423	716	0	741	408	0	315	0	0	0	599	0	58	534	0	0	154	0	0	0	444	0	0	42	929	721	0	213	296	0	0	282	0	73	0	0	654	806	0	0	0	165	0	0	282	0	0	59	169	0	437	351	0	0	0	0	151	0	684	0	732	0	0	0	437	0	371	716	0	0	584	599	358	0	0	350	0	471	0	789	757	0	0	0	763	698	0	0	858	0	0	866	0	457	0	0	0	316	879	751
0	0	0	497	0	217	432	0	24	0	0	863	418	151	621	301	0	885	0	0	218	113	0	0	0	0	0	40	642	783	751	0	0	0	752	275	0	853	644	495	978	0	0	0	30	0	0	284	431	701	0	0	397	225	0	0	0	601	100	666	278	906	0	17	851	405	837	0	727	858	0	0	0	0	385	617	951	597	0	0	0	806	756	957	0	0	0	0	0	0	999	0	633	182	454	895	244	0	0	0	0	0	0	691	638	0	0	0	0	0	0	312	241	0	0	550	0	0	0	630	83	0	598	333	30	0	0	0
117	0	425	491	0	0	960	0	0	0	356	282	616	587	580	0	36	0	650	0	0	0	677	0	561	1	760	0	0	0	678	0	781	0	0	911	0	76	180	0	0	0	0	0	0	96	792	0	0	0	0	563	0	0	0	982	852	746	754	834	473	0	0	0	0	0	0	0	887	0	832	0	0	0	0	858	0	80	0	52	0	0	889	841	597	852	84	0	585	156	0	0	0	0	0	581	35	127	44	0	382	350	125	380	0	0	629	0	104	61	0	0	890	995	181	468	0	0	0	553	139	0	643	0	0	948	0	0
969	0	700	954	412	0	127	518	0	0	0	253	0	25	0	680	863	0	0	0	40	788	0	627	0	0	0	0	0	0	131	0	229	0	872	50	702	0	556	501	103	593	0	0	677	0	0	0	0	489	0	0	183	947	0	656	852	0	138	0	957	45	705	0	709	285	355	0	0	897	0	250	273	0	0	0	662	0	325	638	17	0	673	0	0	825	0	950	807	0	696	265	0	892	0	866	501	786	0	0	981	0	769	0	0	0	378	0	0	0	0	623	0	573	245	0	0	0	0	394	0	98	180	881	261	867	102	0
172	573	0	0	591	755	886	0	422	0	0	0	0	0	575	863	0	0	0	744	95	0	438	327	0	941	0	0	0	0	0	412	482	0	0	0	119	288	328	0	54	927	0	0	0	501	79	629	588	0	0	34	625	723	107	0	255	0	303	0	319	0	0	0	429	0	65	798	712	0	231	0	0	23	72	839	731	522	604	272	0	0	0	0	243	293	0	65	0	886	0	0	0	68	0	503	0	0	774	0	893	895	817	887	435	0	391	664	0	0	792	475	0	0	0	622	7	0	0	0	200	842	954	0	0	0	983	669
0	284	535	811	0	800	0	0	0	927	0	0	394	723	0	0	0	0	830	417	54	0	835	327	343	315	0	0	854	131	0	29	247	643	0	661	0	0	940	92	300	0	0	0	0	446	990	882	0	587	427	870	0	0	340	658	120	484	0	943	0	861	77	677	0	0	482	0	0	49	0	0	863	0	0	0	484	0	0	0	775	268	0	718	0	318	174	0	101	0	805	648	0	296	719	0	836	889	959	0	0	0	0	0	0	129	0	155	0	0	0	0	153	198	0	498	0	929	582	639	107	0	0	0	0	0	0	0

417	872	0	260	0	334	0	0	523	0	557	0	0	0	0	754	0	0	68	0	0	0	254	0	661	0	0	415	773	92	620	669	0	0	78	0	0	0	0	28	0	0	819	909	963	0	0	0	0	0	354	853	979	803	219	0	0	821	771	506	0	854	0	178	0	0	192	560	0	571	275	592	0	235	189	403	0	0	0	832	274	867	760	664	424	0	71	0	0	957	573	0	0	916	389	0	627	0	100	148	942	655	0	808	225	0	909	811	0	0	197	209	0	0	639	206	0	0	0	258	0	0	0	0	261	587	0	636
630	0	0	678	781	699	498	0	28	0	0	0	641	967	492	941	0	187	0	32	0	451	0	0	0	865	639	0	0	0	0	661	0	239	717	415	0	865	659	0	0	953	837	0	221	522	796	0	0	0	0	732	393	655	757	835	0	0	500	0	846	0	0	808	509	901	0	0	0	0	205	0	479	130	0	0	117	599	747	720	676	681	0	569	0	0	975	0	0	0	0	140	0	0	601	0	0	0	320	0	388	0	476	0	0	0	0	0	0	981	0	0	0	0	218	0	768	0	100	0	0	0	0	598	0	861	585	340
0	0	0	467	0	349	0	407	0	0	790	0	81	0	0	0	0	0	762	0	195	992	131	157	664	374	992	0	0	959	0	702	367	784	0	0	258	0	769	0	453	0	360	0	0	249	0	0	0	0	0	0	0	0	0	0	196	0	398	589	333	265	0	354	0	0	0	0	0	0	0	0	0	0	0	581	0	0	761	153	805	0	96	45	0	0	0	232	512	814	0	726	473	901	758	350	939	912	882	834	362	0	0	877	0	334	0	607	0	235	0	0	0	773	0	0	135	0	208	0	0	860	348	996	0	0	0	0
962	975	0	0	0	0	0	520	0	0	0	0	517	772	89	157	394	416	401	42	0	678	0	596	0	0	110	182	208	880	570	0	412	630	993	0	0	0	0	0	824	770	293	383	0	0	0	0	0	0	0	0	0	266	0	0	0	0	578	0	418	0	294	605	0	705	0	0	0	978	0	135	0	0	767	251	0	821	0	0	0	264	0	0	0	719	0	756	0	0	273	316	213	0	231	515	0	665	797	240	0	0	0	308	0	0	503	0	303	563	406	0	428	0	126	0	0	131	0	824	96	0	836	95	0	0	743	0
609	501	38	0	0	419	0	14	0	381	0	469	0	291	196	340	0	0	0	0	260	0	0	0	127	0	489	0	619	296	0	0	0	204	0	0	993	0	64	195	0	0	0	8	0	485	0	878	0	0	535	0	137	506	0	143	0	652	0	710	0	259	0	0	752	0	0	289	86	0	0	547	0	0	0	0	416	0	0	166	0	0	0	97	0	291	990	263	39	0	0	0	0	290	0	0	806	332	798	106	0	407	742	0	920	0	169	0	0	681	0	0	225	188	0	0	0	0	611	816	0	446	0	84	140	290	68	870
118	0	450	735	0	291	0	0	969	0	983	604	0	565	241	0	0	174	0	846	871	0	0	447	104	911	0	0	0	0	702	0	508	485	0	672	0	0	0	358	0	644	598	750	0	696	0	0	0	0	0	0	757	0	771	0	0	0	339	95	878	0	0	0	322	139	638	0	447	0	737	0	682	82	0	0	0	150	70	949	874	0	0	0	50	0	0	0	517	0	0	0	288	785	0	0	679	0	0	281	846	580	736	753	699	0	577	141	0	258	0	146	0	0	0	0	451	615	0	0	0	0	124	0	0	119	50	824
254	0	38	202	388	728	0	78	513	219	0	0	547	527	621	0	0	0	0	0	0	829	697	144	0	0	927	84	667	122	0	0	442	0	0	817	0	579	0	0	1000	831	0	470	694	592	0	360	628	0	58	0	194	519	123	545	0	843	0	368	0	0	29	999	721	880	0	277	0	0	0	153	0	0	0	0	819	30	885	11	658	991	613	0	0	754	841	0	446	0	0	0	0	146	382	105	983	629	0	216	0	0	651	190	0	822	887	0	693	0	857	0	145	0	0	983	0	629	0	0	0	0	727	177	390	0	0	784
268	0	570	224	0	157	136	902	202	0	386	26	0	0	468	94	436	0	0	0	896	572	0	0	0	0	0	247	124	98	0	476	133	0	0	441	0	0	278	0	722	0	0	0	0	339	415	0	0	192	0	355	556	420	0	0	0	0	0	669	0	0	409	406	0	0	0	225	0	200	315	809	0	61	0	0	0	0	105	748	350	0	47	653	295	634	0	0	0	0	91	666	280	963	0	0	924	17	790	867	79	0	0	0	318	407	965	0	102	443	237	479	0	0	47	814	176	0	643	0	0	0	0	596	786	648	191	0
0	0	848	560	0	0	31	116	61	601	658	336	97	887	0	383	0	0	398	260	0	850	0	0	0	577	8	0	0	0	0	0	883	0	0	0	306	0	880	0	0	728	624	137	0	526	964	0	0	755	71	951	601	61	0	844	0	483	299	0	0	461	0	172	0	0	544	148	0	992	0	357	747	0	24	0	491	195	796	0	0	182	596	0	0	0	0	0	0	152	868	505	0	0	0	0	166	0	0	617	0	0	0	0	0	567	593	0	173	520	0	0	0	0	561	0	120	0	0	16	0	201	0	0	975	57	184	0
0	0	0	0	684	891	0	460	0	0	0	0	0	327	0	0	729	0	673	0	0	0	0	0	0	376	0	991	0	209	0	689	446	0	0	0	0	0	96	668	0	0	0	0	0	863	890	788	737	0	0	656	0	560	0	0	0	0	0	790	0	0	556	178	0	37	0	237	0	0	809	882	0	731	826	344	0	873	466	139	986	0	790	0	0	0	197	0	986	0	0	0	72	274	401	787	0	0	0	537	0	334	0	0	0	0	596	0	0	0	0	130	0	156	0	299	191	0	0	897	0	769	41	611	183	334	0	0
0	0	0	0	0	745	783	0	180	772	657	0	0	324	0	0	299	0	148	400	685	467	897	0	0	0	181	264	0	0	0	760	0	0	0	0	450	0	0	0	0	399	751	837	645	8	0	0	0	662	0	608	0	250	359	0	0	186	0	0	0	0	0	844	950	596	659	0	0	0	98	0	728	662	0	0	573	0	0	588	220	408	1000	0	561	0	683	108	0	0	820	527	744	0	554	0	0	434	0	0	234	477	45	0	869	0	892	79	30	0	866	613	675	353	698	0	816	123	0	291	0	691	0	978	0	0	678	0
0	545	0	663	0	0	0	0	829	0	0	464	250	590	148	892	761	0	721	0	199	695	0	176	213	0	0	0	0	118	685	753	0	811	0	0	365	0	150	0	0	171	256	0	0	0	303	0	0	0	0	967	151	184	0	59	462	175	0	673	0	0	0	126	0	379	447	194	85	0	0	0	567	803	504	73	476	586	0	696	303	32	0	365	28	0	0	227	0	746	0	85	934	0	0	0	0	891	0	0	0	78	0	810	0	863	0	311	605	563	267	0	0	862	0	0	0	0	555	0	445	0	503	0	588	770	0	667
0	0	725	234	486	919	57	0	711	0	615	0	0	172	0	982	0	441	0	851	0	0	856	406	0	0	0	53	0	0	0	512	185	0	636	0	0	763	0	181	996	0	0	280	0	0	0	295	0	786	932	0	845	576	621	0	95	0	250	180	207	861	539	0	0	0	688	624	0	821	0	969	0	0	0	611	480	0	0	632	254	519	20	82	646	922	570	625	0	728	0	58	0	706	0	335	36	0	0	0	0	0	0	0	703	402	991	0	738	0	0	418	729	625	379	145	0	0	0	375	0	73	383	164	0	836	75	663
0	0	618	0	235	0	0	388	46	108	926	728	223	822	0	0	0	0	112	990	0	718	0	0	0	0	0	0	0	0	0	0	645	0	0	963	0	481	0	178	0	0	832	0	0	0	787	0	20	0	0	0	0	484	0	520	274	537	0	216	0	0	876	426	524	807	0	91	0	579	0	0	0	0	0	0	532	232	59	0	0	0	0	0	0	0	525	851	311	893	893	626	305	663	0	0	130	676	742	0	762	0	0	0	163	0	44	334	581	0	0	0	0	37	166	0	0	634	338	0	994	0	485	577	0	0	0	921
348	531	0	895	165	146	5	836	498	0	240	0	1	711	0	324	201	0	816	558	945	0	587	513	0	713	0	0	0	0	271	0	129	0	829	0	0	2	0	96	0	442	0	0	0	526	628	0	201	993	823	0	0	0	0	0	977	0	0	0	282	110	307	726	407	0	0	0	400	890	82	0	253	0	0	323	532	0	0	997	0	795	439	327	0	0	670	0	299	380	167	28	884	0	65	402	462	226	0	347	581	0	0	0	0	370	829	936	659	0	238	414	680	250	0	0	881	0	0	672	0	349	0	0	514	0	0	0
769	0	0	0	272	0	0	863	0	768	626	0	8	298	0	0	0	0	56	0	400	992	837	893	0	0	0	0	0	433	0	681	95	0	235	0	575	805	391	986	908	0	0	0	0	0	639	0	995	77	579	140	289	275	744	0	0	37	0	389	0	0	0	392	823	0	455	0	31	0	389	0	219	0	64	0	106	585	0	931	261	0	472	443	334	212	549	391	337	0	440	0	975	0	434	0	520	0	620	0	791	0	54	9	0	0	0	860	217	962	17	0	113	964	0	228	435	633	787	251	310	575	376	0	0	0	0	687
0	0	0	12	0	0	0	0	786	274	0	0	0	0	535	671	0	456	419	408	0	0	0	0	0	0	0	0	0	375	791	0	338	342	0	0	457	0	0	443	0	776	0	795	0	948	945	792	0	0	190	195	0	576	494	0	0	428	0	17	778	662	5	0	0	249	545	244	0	0	0	0	406	135	0	0	776	946	0	0	0	550	369	260	0	0	338	165	0	336	0	0	87	0	30	662	912	99	0	0	848	44	324	413	0	107	0	0	649	718	0	0	564	437	113	0	0	0	405	78	434	0	593	0	150	324	0	0
0	412	205	0	908	0	0	0	0	0	0	0	0	0	0	0	522	0	445	130	462	944	0	0	0	995	0	0	586	0	0	0	837	0	787	180	0	0	185	0	0	957	0	209	0	313	753	0	398	0	0	0	0	167	0	0	49	0	207	0	71	936	0	353	0	177	0	0	450	587	0	0	412	0	384	130	608	529	0	388	107	190	0	0	447	0	30	0	160	418	735	552	899	492	839	0	117	884	0	0	805	0	0	0	528	0	0	0	713	0	301	0	0	395	0	0	0	0	0	0	604	870	523	0	0	61	0	0
0	0	559	92	606	0	581	373	0	0	795	0	0	588	162	0	0	0	0	994	440	0	0	37	248	627	945	0	0	0	67	972	0	250	608	0	0	412	322	74	0	0	0	0	0	0	0	91	0	0	0	0	0	546	0	668	0	0	0	0	0	460	0	485	49	0	142	0	0	833	913	0	3	0	0	769	986	0	0	0	838	756	0	7	0	784	751	827	0	0	0	548	578	845	513	805	389	144	886	488	0	0	0	219	0	0	598	281	0	0	0	491	0	671	474	505	977	0	644	25	0	595	0	0	0	164	813	0
339	794	867	475	0	0	812	800	0	0	0	150	56	795	0	416	0	58	751	0	0	0	513	0	0	674	0	650	562	462	144	0	0	0	0	415	995	118	828	359	606	0	12	381	25	106	512	720	0	375	769	0	0	360	0	921	811	0	930	0	0	433	0	0	609	957	923	0	0	912	0	443	902	101	0	0	956	0	0	0	881	622	355	0	117	440	0	569	0	0	0	0	0	309	994	828	0	646	0	174	812	0	855	0	0	422	0	0	0	0	528	0	310	0	520	700	32	799	0	918	438	0	945	0	812	0	235	0
0	84	943	0	0	0	0	0	341	790	570	0	290	0	295	0	20	15	88	497	272	682	0	0	294	444	613	0	0	373	0	0	647	0	0	0	0	354	608	0	60	0	0	0	0	328	0	0	269	862	823	335	0	406	646	362	0	937	0	955	857	0	0	538	0	0	0	0	633	705	0	943	346	429	0	108	0	749	0	0	720	0	16	0	0	0	963	0	0	633	575	0	0	0	97	0	528	350	0	621	376	363	0	0	470	310	977	0	0	0	0	0	0	512	333	0	0	672	971	0	0	0	962	0	0	0	0	404
691	672	0	0	0	193	153	614	860	0	408	637	0	0	0	548	0	0	0	0	0	280	485	0	0	294	244	163	0	0	0	0	834	0	382	383	316	0	0	857	0	998	66	0	0	0	998	35	0	0	0	0	0	0	0	0	276	0	0	0	933	149	905	0	911	0	785	0	0	517	217	0	0	0	145	350	343	0	0	0	0	0	0	0	466	0	0	0	733	0	0	0	521	13	948	923	563	0	0	194	242	393	175	132	0	37	48	0	0	415	0	0	0	696	51	420	0	454	58	396	0	416	429	740	20	0	225	0
660	0	0	80	0	0	0	757	0	364	71	0	966	43	0	0	188	319	147	485	0	0	0	232	0	0	0	0	728	0	0	0	0	643	582	515	508	114	124	127	0	0	860	0	529	188	0	484	438	215	0	507	583	0	0	0	0	0	957	3	0	999	0	0	569	0	626	287	872	838	789	103	227	0	0	0	634	0	0	176	0	0	0	288	919	0	84	0	0	0	0	0	0	466	519	765	0	0	88	0	554	0	225	0	0	995	0	971	26	0	674	0	175	5	120	585	381	120	863	565	0	0	648	538	0	725	343	699
0	0	42	792	0	930	844	657	759	29	0	502	0	58	783	0	902	0	0	557	368	747	0	976	0	0	179	0	0	530	0	0	934	178	0	0	839	0	102	901	0	448	0	0	23	0	156	0	0	259	0	318	0	0	597	0	0	289	158	0	0	399	0	0	541	783	0	502	238	785	0	0	673	405	0	590	0	938	0	516	344	955	690	0	990	0	382	0	211	0	0	0	646	0	0	339	785	0	682	0	0	562	477	0	338	160	0	768	604	155	0	343	221	914	386	795	0	0	0	437	773	0	0	716	0	379	0	0
0	0	40	0	962	968	887	0	0	0	0	0	671	0	652	0	824	0	0	246	241	707	302	0	725	121	627	0	11	484	0	815	270	0	405	269	0	0	0	0	94	0	0	0	0	270	0	826	95	624	0	0	0	467	357	0	550	558	555	300	573	957	905	0	0	254	68	482	0	0	85	948	0	319	508	169	170	974	322	0	690	0	856	923	0	319	789	0	195	0	606	410	0	0	0	0	0	0	0	702	0	0	0	183	0	0	769	268	714	0	847	616	128	0	0	85	905	839	0	639	0	713	311	264	633	0	494	832
687	645	0	0	0	0	0	576	0	0	387	99	274	0	558	206	0	251	0	0	0	0	0	472	597	211	0	626	215	0	648	662	72	0	405	0	428	0	91	374	540	0	0	828	0	24	0	0	0	0	0	864	692	82	767	0	0	387	906	0	0	0	0	0	0	0	0	153	787	0	0	0	690	399	0	482	0	777	0	0	0	0	939	0	581	629	0	371	0	160	0	797	18	0	271	583	0	950	0	0	578	0	551	976	245	102	0	0	0	0	481	869	503	239	4	0	559	0	0	0	820	230	0	340	408	0	0	173
535	0	0	819	631	0	0	0	0	0	28	143	0	0	544	0	0	512	670	0	583	325	0	0	840	0	879	796	0	0	0	0	0	771	0	0	0	256	0	567	0	0	0	531	0	0	445	0	0	851	269	0	0	715	0	0	0	0	0	197	765	0	739	237	0	0	0	0	43	0	231	0	788	431	943	0	218	425	0	923	0	977	0	424	0	0	0	602	0	440	0	902	0	147	0	0	0	0	84	0	50	518	0	0	0	0	0	47	607	0	0	0	0	0	721	0	645	0	0	689	0	902	841	186	785	0	750	0
750	641	0	0	0	0	0	6	0	236	0	472	168	0	472	670	0	0	563	679	499	0	286	339	0	480	0	992	0	618	788	659	0	188	0	0	470	0	822	0	0	0	0	131	317	0	0	0	624	0	54	0	281	955	0	0	44	0	917	500	0	0	0	0	27	0	262	253	0	0	0	0	0	568	0	729	182	0	534	397	179	0	0	745	896	349	0	373	0	574	0	0	0	0	370	0	901	736	0	596	0	0	0	0	917	0	779	0	0	0	617	0	770	0	0	866	977	24	450	0	0	724	513	0	0	392	298	0
0	0	0	0	479	21	576	474	926	310	98	12	0	0	0	403	725	0	0	0	0	20	0	0	670	897	535	0	364	0	957	622	0	453	339	0	0	0	0	0	0	580	0	733	575	497	27	831	0	553	574	224	238	0	0	547	54	0	50	838	268	0	387	0	414	0	0	0	0	215	313	0	225	0	0	363	493	0	0	211	0	345	0	0	764	725	0	0	0	634	58	0	0	460	0	0	103	0	0	171	144	500	0	0	911	0	0	0	0	0	12	0	0	477	0	0	479	639	685	0	0	0	0	876	0	458	0	0
806	0	335	788	419	0	0	850	843	139	0	0	175	0	353	0	0	736	879	670	0	211	97	989	418	0	0	431	827	0	649	887	802	0	28	0	244	857	831	782	96	27	590	363	867	0	0	940	612	192	984	335	924	0	0	0	0	151	675	0	292	0	63	208	284	0	0	289	835	0	576	265	0	0	597	0	85	384	420	0	0	917	376	605	0	0	284	719	105	0	0	0	0	0	592	649	709	790	8	0	0	0	825	680	541	242	435	0	0	0	949	0	960	154	0	0	0	0	453	0	0	0	756	0	560	0	883	648
0	175	653	15	0	0	743	0	0	618	0	0	417	0	0	759	0	783	0	0	693	0	367	0	116	350	394	207	0	994	0	771	0	0	0	5	873	690	0	0	352	0	202	955	610	0	353	152	0	723	970	544	388	91	0	0	0	907	192	407	0	905	874	508	890	0	419	719	0	0	0	282	41	918	732	0	932	582	0	423	0	779	113	0	0	0	932	0	0	181	404	0	0	732	0	612	0	168	499	0	360	0	0	782	0	0	629	845	686	299	735	41	935	0	269	0	368	555	0	0	335	0	0	0	533	880	0	519
876	0	0	412	0	0	0	536	0	0	970	0	675	369	686	0	518	659	403	0	739	0	456	0	523	638	584	0	0	0	0	0	0	0	293	533	388	472	0	0	0	0	0	420	465	298	480	0	749	800	0	6	579	824	0	0	0	868	0	0	0	0	66	320	0	414	0	488	897	0	0	0	463	0	0	813	0	0	0	681	170	0	0	0	0	552	0	0	0	537	214	500	0	520	0	826	0	0	996	0	196	0	518	743	565	234	0	0	0	0	0	468	553	373	0	0	0	690	0	92	0	0	898	575	268	0	0	113
494	848	0	0	617	0	0	0	0	578	581	526	0	661	0	820	821	410	0	267	0	927	0	0	739	707	0	750	940	829	678	0	0	534	103	836	70	231	0	135	794	0	207	0	0	0	0	791	798	136	498	170	0	295	0	155	23	610	0	0	728	0	0	133	0	833	0	0	401	575	19	198	0	0	0	951	398	0	803	328	0	228	917	720	0	503	0	809	307	0	323	187	822	631	0	0	0	915	796	0	974	172	0	121	791	0	584	958	981	0	0	0	0	945	171	607	815	0	0	0	0	195	275	0	0	0	0	0
0	0	0	236	591	60	0	661	225	0	961	0	269	0	852	0	0	492	323	0	877	995	705	0	487	0	109	314	0	0	0	0	0	681	699	0	119	0	906	0	0	806	910	0	49	898	585	758	0	0	0	490	537	0	0	351	483	296	452	0	0	0	992	0	404	48	0	0	745	0	490	0	596	0	0	0	296	557	595	260	0	0	0	357	0	0	0	933	674	0	424	0	0	865	560	101	0	0	715	0	552	417	0	64	591	0	0	617	0	215	0	999	447	0	662	231	0	624	0	0	0	231	594	0	0	0	804	763
310	0	394	0	352	0	0	319	3	0	266	409	0	0	0	0	70	0	0	0	0	333	3	0	0	0	0	83	0	0	0	0	279	805	0	917	0	0	0	389	0	0	449	655	159	0	940	0	0	0	0	426	344	215	571	826	272	0	834	804	0	948	329	582	453	0	0	750	184	50	467	0	0	0	330	0	490	329	0	578	0	0	0	842	350	0	0	502	361	0	0	918	675	0	0	586	657	0	0	544	0	0	0	0	0	0	639	0	588	748	0	483	0	90	76	184	0	0	909	0	0	0	183	221	844	0	0	262
0	0	0	0	0	754	0	952	0	478	739	0	916	34	0	681	0	331	0	0	0	0	667	466	651	0	252	709	423	0	187	162	257	115	17	0	285	386	27	0	0	35	191	228	0	0	0	263	0	496	0	0	670	0	656	112	731	638	365	600	0	160	632	240	79	0	650	0	458	0	379	0	383	0	162	433	0	0	0	869	0	0	886	744	492	1000	887	541	0	0	519	511	0	0	17	0	835	0	0	572	0	0	0	626	296	0	0	0	0	0	0	0	0	0	973	650	0	105	0	0	873	150	0	23	0	180	49	634
0	521	741	0	0	0	0	0	59	0	821	0	0	0	0	0	253	0	0	0	0	0	0	0	633	0	489	75	655	0	579	978	859	0	467	0	959	0	266	734	0	402	0	0	359	991	0	414	298	585	383	0	0	0	574	687	539	0	0	0	643	0	0	0	858	0	226	658	0	0	0	620	0	235	0	0	283	0	0	0	123	0	0	0	0	0	0	0	0	0	0	981	0	32	0	0	252	761	0	0	686	628	0	0	0	573	476	0	754	640	0	664	334	0	0	576	0	0	35	0	469	0	803	0	0	475	0	947
0	804	0	107	245	0	0	0	530	341	0	0	381	734	0	606	905	431	806	346	719	0	558	0	69	0	550	306	0	866	375	0	0	0	0	649	0	0	0	0	0	0	879	333	95	0	0	811	0	0	15	475	0	0	0	58	359	653	557	37	814	818	0	0	422	723	0	538	273	0	0	234	701	85	0	645	978	544	679	15	0	344	0	382	0	164	0	538	148	763	0	0	0	839	0	0	120	0	582	468	0	332	0	0	0	0	738	289	0	536	0	251	0	0	0	203	0	0	623	476	0	924	46	0	0	0	0	0
113	0	0	0	0	0	0	0	0	610	0	0	366	0	32	799	467	858	0	303	0	0	139	855	292	0	0	0	107	739	0	0	0	859	179	110	0	0	897	972	0	0	202	185	0	0	0	605	416	307	0	313	739	0	0	0	202	0	0	0	0	0	0	512	377	584	425	0	287	163	0	0	56	793	0	329	311	949	0	780	0	797	168	0	0	722	353	0	0	763	0	233	0	0	30	0	0	0	258	0	412	30	580	0	710	418	0	173	687	0	0	0	972	0	871	991	0	0	0	0	0	0	284	0	0	930	0	0
0	0	0	0	936	0	0	890	757	0	856	0	408	207	0	301	408	0	651	0	515	804	0	0	27	835	65	476	373	215	0	0	0	0	94	971	0	550	207	0	985	0	381	478	0	0	504	0	0	196	0	647	374	395	0	0	0	774	0	527	0	0	692	944	395	0	319	0	0	452	519	566	0	940	277	0	0	373	0	211	0	0	364	0	0	0	0	263	206	0	0	430	0	0	0	736	0	0	0	531	0	0	0	23	0	0	487	0	414	0	0	0	0	879	750	0	0	756	0	0	0	0	866	0	0	0	341	175
0	728	565	352	0	0	0	0	161	450	398	130	706	0	0	468	998	344	0	190	0	0	48	791	0	0	0	0	922	126	0	0	0	847	0	507	233	0	0	0	133	971	713	582	679	195	0	0	0	737	0	0	0	0	0	51	0	905	565	666	0	0	840	907	466	789	882	889	0	0	420	241	0	0	815	857	0	0	0	0	0	0	0	563	0	469	85	0	0	0	0	570	563	327	0	494	440	876	770	0	0	0	145	71	307	857	741	0	0	989	283	735	0	154	0	561	852	0	0	612	896	347	0	292	0	397	518	0
0	0	780	0	0	0	0	0	795	0	988	460	0	0	0	426	601	0	110	0	638	142	832	0	0	0	649	0	201	0	0	145	252	0	695	0	0	0	0	0	470	526	380	0	786	233	0	778	0	693	393	330	0	0	0	0	613	0	197	875	376	0	589	655	0	0	392	730	0	209	0	487	0	0	0	0	0	640	0	0	442	278	420	0	168	0	0	954	0	952	628	0	0	56	0	695	234	0	0	317	0	0	867	685	306	0	0	0	0	0	205	72	0	0	0	649	0	287	0	905	225	0	554	0	0	0	0	0
978	188	0	0	0	586	0	91	461	164	691	550	0	144	447	0	806	6	551	0	0	0	9	838	0	343	323	671	757	323	0	0	0	947	251	265	0	0	261	163	172	883	0	597	233	0	0	846	865	793	297	0	1000	0	511	0	457	156	52	0	378	878	0	0	0	0	0	777	0	0	29	159	306	793	712	59	253	530	0	0	694	127	0	63	161	810	0	497	615	0	0	142	0	0	193	0	0	0	96	636	0	0	41	345	617	0	985	0	336	0	0	883	0	0	0	963	185	0	711	271	851	0	760	108	0	0	360	0
0	140	309	347	945	87	308	0	367	344	393	53	170	167	580	384	0	291	840	56	0	341	0	442	0	0	0	845	0	0	0	0	0	775	248	0	426	0	48	0	232	420	482	0	0	0	0	0	0	731	781	0	0	980	266	0	980	0	0	997	0	0	0	0	0	159	119	0	799	0	0	647	886	435	0	0	314	515	98	676	0	0	0	0	601	0	166	0	721	0	378	592	0	612	0	0	0	464	0	115	685	165	0	0	859	0	0	549	246	0	1000	166	745	0	0	378	0	0	990	900	284	612	677	0	0	689	106	584
663	0	0	0	865	884	0	0	552	549	0	0	0	952	0	0	846	733	0	782	518	538	0	0	0	393	0	0	0	927	129	0	0	0	0	0	0	0	46	720	753	631	0	182	663	0	0	0	0	0	421	168	707	414	0	282	232	149	0	215	0	466	0	509	693	229	41	0	213	669	34	0	0	566	0	0	573	198	699	856	0	751	0	456	0	0	0	115	834	361	0	0	242	0	0	0	0	0	820	0	594	0	470	316	0	298	150	802	60	891	761	0	741	0	912	0	0	0	0	0	0	0	65	432	380	464	0	0
869	0	299	0	0	0	461	34	0	0	0	989	0	644	566	0	506	598	0	0	0	842	356	456	0	0	72	694	0	0	781	718	581	555	385	0	390	0	339	998	0	681	0	0	0	0	0	0	294	0	679	319	0	817	201	723	37	168	0	18	0	0	0	389	564	155	0	0	0	0	0	0	910	0	0	109	99	944	726	0	721	201	123	0	0	0	610	791	608	143	143	0	0	0	0	0	0	365	0	0	562	0	0	462	0	143	674	291	240	380	0	792	0	656	881	482	221	0	0	413	0	0	920	555	0	0	0	842
77	0	292	934	0	0	357	551	83	417	96	0	0	0	563	970	893	507	275	0	671	383	0	627	0	0	125	0	0	0	447	35	825	870	982	0	457	0	725	609	0	0	0	808	0	430	94	0	0	0	17	169	0	0	0	0	0	279	589	0	202	0	459	0	201	511	72	0	0	0	770	0	0	0	816	355	255	95	892	625	333	0	0	0	0	546	0	0	0	506	0	0	218	653	112	0	387	0	914	0	483	266	0	0	10	0	210	927	0	249	0	628	0	0	0	0	0	0	0	0	485	512	779	0	0	908	0	0
312	242	0	0	84	162	0	0	879	397	350	0	827	0	985	0	0	864	0	0	0	866	389	0	0	0	0	0	0	0	110	0	860	0	0	166	0	0	249	0	0	313	0	0	199	692	0	0	399	173	0	289	467	0	166	0	642	0	0	0	587	300	0	132	860	0	0	0	0	431	0	0	0	772	97	412	0	0	0	817	0	0	0	187	0	795	0	15	0	943	798	941	356	0	0	506	492	22	80	0	0	298	818	558	638	0	0	0	501	451	174	0	974	0	0	13	510	945	873	0	0	0	0	0	0	0	0	0
158	0	104	0	182	0	0	0	0	0	0	922	53	0	917	0	0	656	0	372	0	917	84	649	0	133	613	0	0	0	0	559	0	0	0	0	0	192	0	0	438	109	0	0	347	208	210	61	561	0	288	0	0	0	0	587	364	0	0	0	333	0	823	590	0	926	0	250	0	281	834	0	0	476	0	11	576	558	299	0	0	822	853	574	249	49	783	0	856	0	0	0	0	577	0	0	0	0	0	0	0	0	11	0	314	0	555	0	0	241	505	51	48	630	0	0	0	0	428	0	385	0	853	0	0	0	0	0
875	568	951	0	0	0	0	0	644	26	0	0	0	0	100	925	0	129	0	58	0	0	0	181	0	574	0	0	0	720	412	467	827	0	332	0	0	0	652	583	0	0	0	0	968	0	893	0	539	0	968	0	15	5	864	0	575	951	0	815	0	0	0	27	0	0	389	0	806	716	0	0	33	725	0	0	737	0	906	0	239	58	0	344	799	473	0	581	0	0	243	0	0	897	0	0	277	0	0	601	0	0	16	449	0	336	751	0	0	0	0	0	0	0	0	0	0	0	563	0	960	0	801	0	0	0	0	0
0	0	846	0	0	0	0	0	804	475	321	0	0	756	512	0	0	0	433	0	201	0	0	553	598	587	140	484	0	699	829	0	93	0	0	0	0	155	318	0	247	189	0	930	873	0	0	0	0	585	0	0	0	862	0	0	0	0	0	0	504	0	705	728	587	0	0	706	0	0	111	0	53	930	0	0	0	0	862	54	881	0	0	49	822	573	704	934	766	876	0	0	747	0	137	341	0	227	450	0	0	0	593	263	458	0	912	0	0	0	0	0	977	32	106	18	0	348	0	0	450	188	0	0	0	64	0	261
437	717	0	0	513	0	0	0	0	0	0	670	0	0	871	754	120	684	901	772	174	682	932	0	135	637	712	740	0	163	111	0	0	0	657	0	0	927	0	924	805	846	302	532	479	0	415	994	0	0	137	235	877	582	0	210	0	494	844	0	0	632	0	803	437	256	0	597	0	538	24	661	0	0	386	899	999	147	0	0	118	252	0	212	0	0	0	0	0	0	0	183	0	82	493	54	338	0	499	95	0	0	0	0	715	227	0	0	0	0	531	288	0	917	0	683	0	270	967	0	0	130	0	0	332	114	0	0
0	0	411	0	83	892	179	0	167	968	567	616	0	0	36	805	323	0	972	0	748	0	0	532	558	0	8	405	659	0	0	0	0	776	0	772	500	222	0	0	293	9	0	0	0	961	389	0	26	387	0	0	0	870	280	945	0	848	0	0	891	0	293	0	117	215	662	0	0	464	0	0	706	0	0	457	280	0	0	773	0	0	0	542	0	875	251	0	998	83	0	732	197	0	488	28	41	310	0	807	193	0	0	725	0	384	299	0	121	572	289	782	0	321	0	97	0	504	219	621	0	338	0	0	22	862	674	761
248	241	0	0	0	774	783	337	532	0	0	0	644	332	244	492	57	683	0	0	0	0	830	0	956	579	706	0	0	0	55	0	0	653	0	29	788	770	0	919	0	0	0	0	547	552	0	718	435	0	0	0	772	886	0	0	0	567	0	618	436	0	17	0	278	0	25	0	0	0	43	885	337	25	0	663	0	269	0	624	682	847	419	992	0	0	29	0	0	876	0	0	0	975	445	0	0	0	415	0	0	918	0	0	319	0	0	365	0	997	935	609	0	864	0	582	0	0	0	0	0	0	0	0	0	0	0	0
0	986	0	0	300	397	0	0	470	0	497	27	647	0	723	124	0	642	0	0	0	0	0	0	0	0	341	0	0	50	727	308	0	153	0	910	0	0	861	0	344	209	615	876	958	872	898	997	232	587	584	44	13	0	990	0	0	512	0	362	0	0	670	0	752	933	0	0	803	426	732	567	0	538	0	0	0	0	222	158	0	0	0	674	0	0	0	5	0	0	901	0	789	0	769	230	791	0	0	0	339	0	500	124	967	561	985	609	919	527	0	0	0	643	495	0	0	0	0	698	0	819	0	0	0	706	0	0
0	0	0	0	0	0	0	936	0	0	955	129	148	0	610	0	311	408	0	926	754	816	204	208	429	0	0	0	0	938	155	0	626	0	13	567	612	0	29	717	0	393	0	0	0	0	0	457	859	0	95	799	0	430	168	0	0	0	0	517	0	470	0	261	0	0	10	0	810	841	0	979	0	0	0	416	0	918	839	0	821	0	0	125	125	0	940	0	707	214	123	16	0	523	115	0	0	0	0	39	0	0	0	0	952	0	904	88	195	556	319	894	633	0	0	686	891	507	591	0	0	0	948	273	0	0	0	0
0	713	0	577	682	204	0	0	67	0	467	372	35	539	198	72	0	756	0	0	796	161	117	0	726	0	0	25	0	937	0	114	964	0	94	405	0	0	0	696	0	299	0	251	0	0	0	836	0	211	899	266	595	818	0	0	637	0	359	802	719	0	0	0	0	229	0	837	0	0	0	0	803	0	0	637	856	613	462	0	0	759	0	462	874	0	0	0	0	930	841	0	0	384	788	0	0	0	0	0	0	732	0	0	0	475	371	0	290	0	559	0	0	871	0	971	0	0	183	549	746	0	0	0	56	0	366	0
0	138	733	0	723	21	0	0	0	793	650	135	0	735	625	443	245	529	0	278	0	0	686	0	631	0	0	485	0	0	0	652	411	0	0	942	437	0	0	0	0	905	0	699	206	0	758	0	0	0	708	0	0	969	463	0	676	149	685	0	0	0	903	339	0	0	0	0	0	216	280	853	915	0	0	0	0	0	0	0	470	584	203	946	0	0	0	124	675	268	476	0	0	0	801	0	795	434	568	373	840	0	584	674	564	283	43	125	336	0	0	0	0	999	59	78	0	0	555	0	0	762	820	555	481	498	521	102
0	0	0	0	460	92	0	0	0	0	0	684	149	898	0	302	0	0	0	0	0	892	619	521	0	522	0	0	604	194	0	0	0	42	640	0	316	285	744	0	0	0	0	0	0	847	373	752	0	0	0	854	0	0	0	74	0	0	0	0	0	0	0	0	0	0	281	366	109	147	376	0	0	882	0	826	0	873	0	430	0	984	811	0	211	944	0	387	191	190	0	0	263	0	634	0	0	44	882	369	965	0	691	24	0	0	0	839	613	787	0	175	0	950	0	217	878	0	811	69	0	62	0	0	510	610	0	0
402	0	66	0	0	106	718	819	0	0	240	0	243	0	851	0	0	882	0	758	0	0	194	8	0	662	870	0	12	0	990	0	0	0	0	363	0	0	370	434	0	0	683	14	419	0	0	359	331	845	0	737	876	0	0	381	0	441	0	348	0	882	688	0	572	0	125	0	742	0	984	430	0	0	243	126	0	0	0	0	0	465	592	0	286	983	0	0	0	488	827	312	648	561	883	742	787	96	106	0	308	0	197	0	248	0	0	600	0	0	675	0	208	0	0	581	710	826	0	0	0	0	0	559	461	481	0	0
837	847	0	0	0	420	0	0	62	798	0	912	0	0	975	853	555	0	0	0	0	708	0	0	30	0	853	750	0	0	242	0	336	248	0	157	905	0	483	0	0	0	571	0	0	0	0	54	0	863	305	0	0	0	979	80	441	0	1000	574	859	0	0	414	207	0	271	84	657	0	0	443	0	164	0	134	180	909	600	768	170	0	0	692	272	0	0	0	410	943	0	186	0	348	0	0	0	472	0	819	0	0	0	0	0	293	0	0	0	325	912	716	0	0	639	0	0	0	0	0	961	0	0	0	0	913	692	0
462	251	352	0	297	109	984	0	0	0	0	105	156	0	542	0	0	0	8	503	0	0	0	253	172	0	609	0	0	0	0	245	0	0	979	886	635	0	0	21	0	0	932	0	0	0	948	0	716	0	775	0	470	393	0	0	818	0	900	620	697	0	0	523	0	512	0	0	0	0	0	0	766	465	0	150	0	0	0	0	0	0	974	0	0	601	527	0	0	0	0	926	383	0	621	702	0	351	0	0	58	908	781	808	0	0	254	765	0	277	0	0	317	162	303	0	450	0	0	0	0	0	0	0	0	0	0	0
0	0	225	331	745	0	0	0	0	0	0	591	95	0	333	533	0	0	0	0	137	19	272	0	343	0	0	808	138	876	80	815	0	0	0	0	686	89	0	0	0	31	369	0	0	103	891	0	834	287	0	372	996	607	980	0	0	0	105	648	919	0	712	0	0	275	0	812	0	0	0	0	0	733	336	502	0	0	0	0	520	178	231	0	468	195	0	0	0	617	26	0	0	64	0	388	0	0	0	642	504	0	413	933	0	234	0	746	622	405	176	888	537	0	0	591	379	0	0	0	342	0	0	0	0	311	0	0
800	799	849	0	885	0	0	0	0	0	327	493	0	0	262	0	0	392	790	487	0	598	275	394	0	894	0	956	48	845	184	900	0	0	957	0	974	776	0	821	0	13	0	0	454	593	84	0	0	212	602	174	810	638	549	552	377	925	0	740	0	195	0	845	484	0	0	0	473	546	382	0	930	353	937	807	0	816	686	965	481	67	0	0	866	0	0	0	0	0	0	0	0	478	413	0	0	142	893	400	702	440	34	398	0	0	864	776	951	824	302	209	58	609	317	309	382	953	0	347	945	850	0	253	0	987	993	0
577	0	431	65	68	0	0	725	0	0	727	0	0	566	998	0	0	479	0	0	10	0	0	54	0	135	931	772	0	0	0	789	0	0	0	0	0	0	684	0	450	146	0	0	147	0	0	528	311	0	0	54	0	201	0	417	0	850	0	32	336	0	0	0	92	641	463	127	567	0	0	585	0	148	0	68	0	0	0	0	0	0	779	0	0	69	0	903	645	204	207	809	106	129	0	82	0	61	0	586	580	484	11	0	108	0	913	474	813	0	0	0	0	453	703	45	0	519	0	478	0	0	0	0	512	0	906	0
883	0	0	0	636	487	0	233	974	628	641	0	743	0	0	0	0	0	350	0	89	342	942	0	0	532	0	167	651	0	0	234	0	550	46	407	696	1000	0	0	979	362	0	0	225	0	536	864	545	83	203	0	210	0	0	764	629	147	0	158	133	512	0	0	0	540	0	536	0	305	944	250	61	967	0	0	357	0	0	0	0	555	616	77	584	0	910	622	332	0	255	0	0	873	0	236	0	99	38	38	0	0	0	814	314	420	956	0	0	863	0	23	0	125	0	0	0	352	909	918	534	616	0	379	0	0	0	820
0	306	0	0	0	820	538	52	0	0	537	0	0	0	0	0	0	0	0	237	0	577	0	58	0	873	452	0	347	122	0	0	326	0	915	0	0	0	0	0	0	0	103	869	542	0	0	381	0	0	0	395	0	0	561	696	821	0	710	144	681	856	959	0	762	0	466	497	0	882	0	0	0	0	0	0	0	0	340	0	622	0	0	870	0	130	144	529	0	845	0	560	705	0	0	0	602	0	221	0	0	245	775	0	0	0	0	0	151	501	516	0	0	177	911	0	0	0	118	0	136	262	583	758	575	0	0	0
61	29	0	752	0	859	35	714	0	0	0	382	43	8	768	0	0	716	396	0	166	582	0	0	821	899	0	81	576	0	0	0	872	843	171	0	0	0	492	266	831	0	687	0	475	118	855	0	0	0	0	0	0	0	204	828	366	0	380	41	0	0	196	0	0	63	100	60	0	821	0	268	85	854	910	294	0	0	0	768	0	0	110	934	0	537	926	0	7	0	0	0	0	0	950	648	496	0	791	405	762	557	820	0	637	0	0	0	44	0	0	725	480	0	0	0	285	0	708	861	0	919	901	0	882	0	0	0
381	0	94	765	197	616	988	0	161	368	123	511	691	0	96	514	657	0	0	680	0	269	126	0	997	0	304	0	0	634	0	0	413	0	0	0	382	655	0	0	0	605	0	0	431	381	2	0	658	0	171	0	477	193	40	971	0	315	727	0	679	0	175	802	0	0	881	0	229	213	0	938	70	0	0	470	486	0	0	0	780	0	0	668	0	577	0	437	0	0	0	0	0	0	595	736	393	0	0	214	8	0	0	0	465	0	0	0	903	678	0	790	0	392	0	192	547	802	894	0	321	0	102	330	650	367	857	260
0	0	694	0	373	0	627	689	591	437	724	812	935	0	0	0	0	354	0	776	562	900	0	0	585	627	586	0	520	165	0	25	224	0	0	0	0	885	565	202	0	0	359	0	417	828	19	0	0	0	0	72	0	0	284	0	153	0	300	762	456	0	97	0	70	0	0	0	80	0	0	111	0	0	44	0	0	0	454	0	0	0	108	285	986	0	138	0	380	707	0	397	33	5	0	219	0	0	0	0	475	287	696	0	710	0	107	0	0	646	89	0	0	0	0	871	440	0	583	0	0	0	392	537	0	368	800	696
0	0	122	0	0	0	427	0	0	617	298	0	535	285	665	236	0	4	0	0	0	320	0	508	0	256	194	0	0	988	229	700	941	179	0	955	0	0	44	93	0	0	0	18	0	0	430	202	0	388	183	597	657	0	869	516	0	828	0	0	0	531	428	784	0	0	446	726	921	0	0	0	805	0	824	0	0	0	333	0	0	717	0	0	0	633	290	622	0	0	677	0	0	0	0	0	161	227	616	0	0	0	913	0	0	0	891	757	334	566	551	0	0	0	603	470	370	26	0	0	0	459	668	830	280	203	0	0
887	542	0	491	938	627	567	0	517	660	303	533	0	210	0	74	612	0	0	223	0	730	0	0	0	229	125	0	704	877	370	0	282	0	649	0	0	205	476	0	0	92	0	0	753	0	214	0	0	802	238	255	0	0	834	441	82	230	0	0	95	0	641	0	642	283	0	539	0	686	0	0	0	0	0	186	0	887	0	623	59	0	364	0	0	0	0	702	501	0	0	0	0	837	313	0	0	448	0	884	0	0	319	0	0	579	556	657	0	164	0	215	0	285	127	447	0	594	909	483	0	0	0	998	781	688	0	0
0	0	287	630	0	0	62	735	16	269	520	0	0	0	317	0	0	0	0	0	621	882	763	844	958	0	341	568	545	424	0	635	0	410	85	0	182	0	159	726	0	0	115	0	0	537	0	318	254	66	485	0	0	0	300	0	18	506	0	0	963	0	108	0	410	0	616	0	717	0	0	579	0	317	520	41	43	10	0	122	0	745	0	0	0	276	0	0	919	0	269	0	431	0	425	3	0	0	0	540	280	202	679	0	314	0	0	0	0	0	0	541	52	0	0	0	0	390	6	475	0	325	746	130	99	0	26	0
0	939	0	0	0	0	734	735	296	0	377	0	610	0	0	807	0	0	923	0	0	618	0	536	146	0	837	0	0	855	24	114	0	242	0	604	0	0	0	586	55	0	650	0	0	360	0	217	0	0	0	0	735	0	901	360	0	413	488	216	804	22	850	0	873	0	266	973	484	0	0	251	0	0	289	176	0	163	173	582	165	0	0	0	0	0	0	711	0	318	0	0	460	0	0	645	351	0	0	736	0	0	0	0	433	569	997	0	0	705	0	625	933	420	194	900	376	0	624	298	0	0	0	979	0	0	0	240
786	0	0	58	0	142	178	0	0	0	989	0	242	0	13	721	0	424	0	0	0	994	801	804	75	0	496	0	0	0	707	665	80	477	0	421	676	364	648	350	0	0	29	0	541	518	0	0	0	0	93	11	0	985	847	803	0	0	606	0	0	272	808	0	0	0	0	503	872	0	453	0	827	366	0	349	0	0	161	402	0	0	518	0	0	785	885	324	0	66	0	0	242	0	71	0	364	769	937	286	897	175	576	0	666	0	894	0	703	419	78	0	0	873	0	0	388	546	14	0	332	0	714	0	0	0	0	0
0	0	0	653	531	810	44	369	80	602	875	874	985	615	163	0	0	293	622	574	952	0	0	13	539	0	0	109	170	0	663	0	0	0	306	0	0	334	0	0	0	247	0	583	0	0	0	674	889	752	0	387	0	0	0	0	593	543	844	531	110	62	540	619	0	469	0	786	0	0	235	0	752	0	738	277	525	623	47	0	0	138	0	634	0	864	699	0	0	0	641	0	0	0	0	0	311	0	0	0	0	79	0	600	0	0	0	63	343	110	0	0	0	478	0	0	0	261	748	0	341	0	335	348	88	632	905	0
0	0	0	286	0	0	0	430	926	323	0	760	0	0	385	0	776	0	0	0	541	0	519	0	0	505	400	0	998	213	701	173	336	815	800	616	0	745	564	0	590	0	0	0	191	0	947	0	0	0	229	0	243	0	112	0	0	0	585	0	102	10	0	334	481	592	0	601	0	0	144	981	0	0	0	0	0	759	665	127	0	342	546	75	0	0	0	527	0	734	37	0	180	0	209	854	0	0	162	644	0	0	575	0	111	0	983	25	795	0	0	0	626	0	0	831	0	205	633	126	129	0	0	718	0	121	0	911
0	69	163	0	0	0	168	0	607	781	0	560	74	710	252	153	186	0	0	555	357	647	0	602	203	0	0	0	0	0	0	0	0	972	0	0	0	0	0	0	0	0	143	0	0	833	117	0	55	543	0	615	907	0	0	0	376	0	0	360	488	0	391	672	484	0	0	543	0	0	0	0	0	0	463	0	0	0	0	0	827	0	475	0	35	399	0	19	0	286	746	0	172	0	387	433	0	988	0	963	107	0	284	0	0	0	0	360	777	475	480	0	0	176	0	0	0	468	0	155	0	704	0	778	0	283	870	156
796	588	806	284	0	348	253	461	0	461	0	854	260	0	0	343	30	8	0	0	0	0	485	345	54	0	410	947	0	0	0	75	0	737	0	0	0	0	325	704	876	898	0	545	55	757	732	320	245	715	398	940	0	0	369	528	564	0	0	0	797	0	0	0	0	0	275	716	0	0	362	0	0	0	0	611	467	911	240	348	0	0	430	944	757	809	409	883	284	0	865	334	829	0	0	864	380	647	461	0	0	656	0	0	0	31	0	268	0	0	410	260	0	0	8	0	321	0	981	0	0	324	0	0	0	0	0	320
0	66	0	0	0	0	0	0	0	51	718	0	773	0	669	574	213	0	0	313	855	162	0	737	0	0	0	900	0	0	0	0	522	360	221	607	0	0	0	0	852	0	0	571	0	240	0	836	916	922	717	37	0	675	691	938	0	0	571	66	0	0	0	66	323	156	0	0	585	0	889	33	417	594	439	0	900	0	0	0	912	223	0	658	22	152	0	0	0	0	995	837	281	24	863	609	0	0	0	309	534	624	0	0	338	510	0	93	0	42	0	771	0	733	0	513	798	0	222	0	450	0	573	0	0	0	790	882
0	934	0	0	809	0	427	460	0	71	0	126	313	0	799	65	0	650	206	628	300	0	161	45	0	0	0	0	944	462	207	0	0	651	775	727	0	0	0	0	0	745	814	0	0	2	546	277	0	999	195	716	0	0	509	0	733	0	845	930	0	387	658	0	0	0	50	756	0	267	719	0	745	984	8	0	0	460	0	733	689	630	465	883	676	931	0	684	0	315	0	508	0	0	226	744	0	0	0	0	0	0	0	0	772	430	0	0	82	0	0	0	0	134	373	718	701	811	635	0	809	0	0	0	110	0	665	0
0	0	688	998	745	0	78	559	0	667	215	700	886	0	804	0	0	37	0	10	898	0	88	0	0	0	596	515	17	0	0	0	0	0	0	186	232	899	334	0	380	105	553	104	218	347	0	0	0	0	149	0	0	0	571	0	514	897	695	265	909	113	379	0	737	0	566	783	956	270	0	0	0	0	723	127	369	933	0	0	891	79	0	0	0	172	15	708	0	340	0	0	560	0	0	0	256	0	0	0	0	0	891	0	0	998	0	381	0	0	359	198	0	520	0	191	0	693	0	823	0	871	0	0	0	598	0	881
504	0	0	642	0	0	0	470	0	851	0	0	0	980	431	729	181	428	774	926	608	0	831	405	951	207	0	0	813	0	638	180	0	0	0	399	0	260	967	963	241	0	329	0	741	0	15	0	343	0	18	0	564	420	563	0	27	16	0	536	0	849	0	0	215	220	741	0	0	828	386	485	0	291	979	52	0	0	966	115	508	0	0	0	0	0	827	0	0	0	0	539	846	0	748	0	789	0	0	0	673	389	0	359	356	0	282	388	477	252	923	0	251	0	910	0	0	758	0	0	0	0	0	175	0	124	89	649
15	0	0	988	519	701	0	638	0	0	118	601	872	242	708	0	0	403	68	923	0	0	988	784	0	0	849	0	217	124	0	422	808	0	928	0	0	0	893	819	0	28	0	823	0	0	0	0	338	340	0	609	715	0	0	151	0	0	351	0	0	679	773	52	0	365	0	0	486	981	291	100	0	0	981	0	229	320	0	727	0	0	933	132	807	0	3	815	163	935	527	0	50	0	0	0	392	408	0	578	558	713	0	0	802	767	487	0	164	0	466	0	0	484	0	959	223	0	180	112	796	0	5	369	235	0	0	0
631	0	0	0	0	950	171	0	674	0	690	0	842	0	0	0	72	440	199	0	0	0	623	0	487	0	0	837	0	463	0	967	0	344	790	390	0	0	0	377	0	0	0	574	0	836	0	0	346	569	0	745	357	284	0	91	142	618	360	0	0	714	283	0	349	872	0	0	714	190	0	464	0	0	246	882	0	710	0	629	193	0	166	557	309	0	0	0	469	254	656	95	872	693	0	196	547	0	0	0	495	385	49	0	0	30	0	858	0	930	0	0	184	0	0	543	540	405	0	0	0	666	904	740	0	958	0	0
0	939	325	838	0	0	0	604	175	0	675	0	0	872	0	883	0	0	0	248	274	0	0	897	424	696	173	786	0	0	0	0	0	0	0	0	0	519	0	0	100	0	0	0	902	0	991	920	982	695	784	0	0	0	516	124	995	0	0	613	0	556	614	0	677	931	854	0	236	0	0	0	510	0	0	960	826	194	0	0	855	0	0	430	0	0	574	786	0	101	197	0	0	628	0	43	961	825	896	845	323	0	0	0	0	0	998	0	0	7	863	0	638	442	0	65	0	947	121	0	0	902	0	901	0	893	879	863
589	45	0	250	891	280	901	0	247	68	0	0	0	0	0	481	676	396	0	718	881	0	0	425	297	0	56	0	0	232	0	0	0	0	595	596	326	453	276	0	0	0	0	0	0	0	0	0	279	0	0	247	0	631	0	0	0	0	801	759	454	0	215	371	266	710	0	0	0	0	0	0	372	0	0	384	964	0	0	0	0	0	0	0	690	779	0	0	693	51	412	0	918	363	0	0	230	0	0	809	345	0	0	907	0	0	0	730	588	0	62	0	0	924	0	929	640	0	0	0	580	0	615	0	0	455	449	0
0	713	76	0	910	0	352	995	0	0	0	0	0	686	494	0	558	0	0	785	0	0	0	0	0	0	0	657	977	0	376	449	0	546	700	0	155	624	0	0	0	0	0	0	408	532	0	581	474	0	0	321	0	757	828	217	992	0	0	0	0	0	213	0	0	990	119	871	577	60	41	0	77	534	578	247	0	699	345	0	738	676	243	0	0	55	1	933	0	0	955	2	0	0	0	0	815	0	443	0	0	0	748	28	814	0	115	0	0	0	0	607	0	0	91	398	181	22	671	732	249	417	0	322	790	0	291	0
0	0	0	218	385	0	816	831	589	625	0	689	0	794	0	304	0	0	877	0	490	330	0	249	577	377	825	0	0	246	94	26	835	0	0	0	0	149	0	0	0	904	511	0	383	0	0	538	254	362	0	0	0	627	0	0	0	806	0	0	576	0	831	0	533	259	215	729	0	396	0	91	0	925	431	0	740	363	0	0	966	621	0	191	0	0	0	0	34	251	0	176	62	0	0	538	363	0	44	557	0	135	762	934	518	929	273	0	0	0	991	0	246	814	950	671	0	0	0	0	0	488	0	0	773	288	0	0
20	612	0	730	0	0	163	189	0	0	474	89	0	0	951	902	0	0	0	571	0	239	324	395	847	741	542	0	0	394	292	985	0	0	817	381	475	0	654	0	737	0	0	0	827	888	568	967	663	0	881	0	0	0	0	0	688	0	888	800	0	0	218	322	0	0	0	833	478	719	359	0	0	0	0	332	545	509	0	593	0	0	339	0	887	0	0	22	0	228	0	852	0	0	942	0	906	116	104	842	0	336	259	0	169	0	604	10	0	0	0	0	0	122	0	375	554	0	929	0	0	0	953	211	0	888	0	632
0	0	864	814	0	0	0	0	213	0	835	0	559	327	51	0	0	0	282	40	35	762	0	479	784	740	873	0	965	0	817	0	0	875	0	823	296	0	50	0	0	941	0	777	608	0	0	0	718	0	0	220	464	0	0	0	500	37	0	85	925	683	0	0	0	187	0	884	0	0	82	0	0	576	514	0	670	571	180	979	331	18	0	0	0	715	0	801	86	336	0	133	537	0	445	448	0	0	12	0	0	0	729	0	0	74	705	566	244	0	0	175	817	0	765	0	0	0	486	890	0	0	148	211	305	0	87	0
0	0	125	711	0	0	0	0	947	0	0	286	0	58	0	0	0	0	0	0	648	818	0	899	0	0	454	0	716	159	0	732	11	0	725	0	8	683	0	640	421	0	676	162	894	0	474	0	854	0	581	0	0	0	646	0	459	0	0	0	375	396	0	245	767	0	0	446	0	58	709	630	0	4	629	0	595	0	0	0	0	463	0	974	0	0	596	972	0	0	846	447	834	579	0	0	0	0	657	797	0	0	0	0	0	0	926	28	0	0	0	984	152	0	0	0	250	401	456	720	605	706	0	0	0	0	406	0
0	330	0	0	0	470	625	241	542	0	191	0	572	0	64	792	0	0	50	0	780	0	499	0	226	0	0	129	286	408	90	0	0	0	0	384	0	108	0	841	840	29	0	0	0	0	0	0	0	0	676	0	0	770	0	0	0	206	0	6	998	30	713	628	248	48	434	645	629	0	589	230	206	0	0	924	136	688	0	381	248	0	0	300	0	914	719	0	68	0	971	29	116	0	0	0	0	0	789	0	541	9	0	299	0	0	0	293	633	251	0	0	325	0	0	0	0	0	0	0	0	0	0	633	609	123	562	0
0	0	653	0	355	738	590	211	388	634	160	192	274	904	0	0	0	287	285	806	0	0	336	758	0	0	513	837	0	0	658	0	0	0	0	231	0	716	0	0	931	1000	159	0	0	162	380	0	0	964	0	0	0	422	0	501	0	0	630	0	545	0	0	282	0	320	824	0	0	0	540	0	0	505	839	0	668	221	0	0	0	0	847	0	952	459	0	37	0	356	0	0	273	0	415	0	192	867	126	0	758	0	729	0	0	0	0	0	68	0	549	502	91	0	870	0	0	283	0	134	0	544	123	0	0	272	0	860
72	0	0	0	0	0	0	0	801	253	0	0	754	939	0	355	31	0	0	0	0	496	960	803	928	241	748	920	668	0	510	174	522	212	0	12	25	0	563	852	0	61	255	907	466	795	0	762	0	0	619	748	209	0	317	392	913	754	0	458	12	0	924	0	525	0	0	689	0	869	0	0	908	672	0	967	594	614	0	0	0	0	553	53	0	317	0	0	751	0	76	0	979	603	668	565	824	0	844	0	0	0	0	901	0	0	0	0	157	48	0	0	0	761	0	94	760	0	0	0	41	470	572	0	0	436	681	42
21	0	0	394	0	0	738	736	0	0	0	36	0	0	0	0	0	0	0	729	0	0	468	885	0	0	870	0	405	0	382	0	0	0	256	198	0	0	0	279	0	997	0	46	0	3	0	0	0	0	23	0	0	0	962	0	0	402	594	0	0	333	720	0	0	161	0	282	529	217	301	0	828	207	511	991	272	0	118	0	0	0	0	647	0	106	847	716	0	56	400	301	0	853	459	0	0	29	0	0	174	0	0	0	578	0	175	497	965	533	329	0	690	0	875	0	724	0	734	993	944	0	0	46	284	0	0	431
6	0	0	154	714	40	0	300	0	0	0	821	0	0	0	0	313	761	0	0	0	516	0	147	0	0	0	0	134	992	129	0	0	532	424	0	586	645	430	0	0	0	328	430	895	0	0	783	67	0	714	162	990	0	56	0	430	0	544	324	0	744	415	0	0	0	0	228	106	787	9	0	455	0	405	394	0	0	0	0	390	0	714	218	0	928	964	589	0	0	0	0	693	395	0	954	434	778	0	0	929	0	562	663	110	0	0	0	0	0	0	3	0	148	93	77	0	0	679	565	0	221	545	822	130	0	0	0
0	0	0	0	0	496	0	276	637	0	0	342	59	643	0	0	774	890	0	176	0	392	481	0	0	929	107	0	0	0	0	376	30	0	0	0	0	891	0	221	290	61	0	0	354	291	793	728	164	0	457	584	112	219	188	282	0	0	0	922	390	528	0	42	918	0	142	108	0	0	107	0	0	0	487	0	393	0	0	398	0	0	970	0	0	638	0	0	24	0	98	108	0	589	0	207	0	0	572	0	0	349	144	0	78	0	0	0	881	0	0	416	796	728	427	0	0	413	0	0	0	0	972	411	0	705	0	0
0	331	407	511	0	972	290	0	796	740	0	0	0	481	915	787	0	0	438	299	0	0	0	24	0	0	921	804	731	241	959	731	0	687	555	0	766	880	359	780	927	0	0	0	0	615	0	825	463	0	157	0	176	0	444	515	0	0	571	834	768	864	65	0	0	0	279	0	0	776	841	0	285	0	0	0	7	0	980	610	0	0	526	0	849	888	794	0	0	0	547	0	643	0	136	598	0	902	59	25	54	0	949	0	0	636	0	285	543	0	814	397	184	0	0	13	0	763	0	0	0	787	0	0	534	0	0	325
960	0	809	125	490	804	558	882	467	0	0	273	0	0	357	0	265	0	365	364	0	504	0	0	0	674	242	491	0	0	0	259	0	613	0	0	0	33	220	442	280	281	616	349	0	988	88	76	356	0	0	504	486	307	0	464	0	0	202	994	0	917	0	949	0	514	187	0	336	0	0	0	643	0	0	60	0	824	989	101	0	0	737	0	477	0	0	0	0	0	0	0	0	0	0	0	829	188	0	799	0	289	281	0	464	142	0	0	0	865	400	0	0	0	456	0	0	0	0	505	0	0	0	53	0	0	0	794
0	0	369	843	0	0	0	0	0	527	131	0	571	482	0	239	0	0	515	642	263	0	172	231	0	0	0	756	0	875	469	0	0	490	559	0	333	0	557	214	719	0	0	0	200	771	0	115	780	0	571	842	0	717	287	0	801	0	726	0	897	562	0	0	0	0	0	0	592	0	0	631	152	0	0	0	180	0	0	0	962	976	0	0	0	0	0	0	926	0	0	376	969	0	968	0	748	0	307	495	409	256	447	820	0	622	86	0	267	0	955	380	0	52	0	0	198	1000	550	9	228	0	0	926	0	312	848	0
0	409	60	0	0	421	0	611	776	142	975	975	603	49	700	0	0	0	0	852	0	0	0	0	0	0	98	0	108	200	144	126	602	246	0	151	543	0	0	650	0	0	0	613	0	0	0	0	0	0	0	0	0	123	360	882	854	358	161	163	435	776	0	0	0	0	339	462	0	597	0	350	320	405	0	669	139	0	895	640	0	899	391	22	85	552	0	0	498	891	0	456	16	770	975	0	0	489	591	0	71	0	266	414	0	0	861	0	780	756	764	294	0	0	0	190	0	0	0	166	0	0	657	796	0	182	0	0
0	0	286	0	0	784	0	0	0	121	0	108	0	0	0	413	912	111	965	828	0	0	0	0	772	837	0	214	0	621	0	372	0	330	0	811	243	0	658	0	681	0	0	378	0	585	0	0	868	0	661	951	0	51	0	0	489	0	960	930	0	527	691	0	655	0	368	0	787	753	301	324	413	843	985	0	0	0	0	646	342	0	0	0	904	0	568	162	0	0	893	998	501	96	0	262	293	546	602	706	291	534	0	347	17	918	0	0	0	255	0	51	0	944	339	0	84	264	0	0	750	0	718	0	904	847	0	689
0	189	0	334	0	0	589	0	208	0	246	0	0	0	723	0	0	832	0	0	977	859	0	59	703	959	0	774	479	982	772	0	528	0	0	191	0	0	722	0	0	0	385	0	677	0	0	0	0	0	547	0	0	892	736	331	0	0	0	215	895	683	0	771	141	0	575	249	908	72	0	962	0	989	0	459	0	693	0	719	807	0	63	973	125	0	92	0	904	0	612	961	608	0	0	482	378	346	739	0	974	756	804	248	845	942	80	409	378	0	0	228	466	863	805	0	0	0	0	173	554	206	0	0	0	0	0	964
0	514	0	0	303	151	524	452	207	0	685	0	639	846	0	800	968	225	374	0	0	0	530	0	656	552	265	182	0	0	0	0	0	0	0	0	64	0	620	0	597	916	0	764	0	804	0	0	0	951	0	0	0	963	991	30	0	0	481	55	0	908	703	0	270	134	330	213	826	57	440	0	68	0	0	0	0	305	0	0	84	0	731	0	0	553	0	479	653	0	579	0	688	427	0	0	10	50	0	999	991	356	0	337	0	635	685	659	221	0	228	163	0	0	319	481	0	0	965	0	492	48	0	0	408	430	997	94
0	0	989	988	945	555	0	0	0	0	18	834	438	171	56	0	617	0	0	0	907	506	328	0	483	0	0	93	0	690	0	0	965	994	0	0	632	882	219	0	0	0	0	794	5	0	395	621	0	0	454	989	0	0	845	0	0	0	878	593	697	0	0	0	348	0	164	0	45	0	89	0	0	647	0	0	203	827	0	0	829	574	0	307	967	976	0	0	0	0	0	0	555	239	409	92	760	0	40	0	418	0	748	481	0	775	30	537	0	0	0	0	125	0	0	510	0	0	0	0	790	0	0	0	97	855	4	189
727	0	165	0	0	223	0	0	0	843	716	808	0	701	0	923	0	952	0	0	501	317	896	0	1	0	0	861	259	100	0	0	141	940	178	732	77	0	0	0	295	0	318	0	643	938	0	628	581	388	0	38	0	0	840	139	385	243	0	0	0	0	784	87	0	107	0	0	544	0	0	0	0	0	0	0	0	0	0	276	760	0	16	0	0	0	564	342	0	844	327	480	214	967	0	0	833	772	0	483	977	0	0	0	113	756	0	0	76	0	180	518	0	0	206	0	915	0	0	0	0	547	308	402	711	145	0	102
693	0	796	681	361	556	0	0	0	0	727	0	398	17	66	0	0	189	393	0	178	451	0	0	782	0	153	124	0	0	0	202	0	0	648	0	733	0	0	0	0	95	0	0	0	0	0	17	935	0	0	0	244	0	632	6	0	431	209	608	0	0	356	189	352	0	0	595	448	60	806	990	250	356	0	0	87	0	736	0	0	998	0	18	855	932	0	0	0	787	329	716	248	0	475	0	276	0	570	0	0	33	669	0	0	565	196	0	707	818	276	320	345	0	0	0	69	868	0	206	0	0	0	0	0	742	0	0
0	4	444	0	657	500	0	0	0	0	0	0	0	730	0	0	0	0	208	0	162	0	0	820	0	509	0	0	129	444	0	37	92	0	38	246	861	0	0	0	0	0	0	0	0	530	0	195	518	407	0	314	516	0	721	0	0	0	0	0	0	931	0	855	951	168	0	905	653	275	0	770	702	915	884	914	792	837	756	0	297	973	0	575	82	279	0	0	465	0	988	765	0	0	0	802	399	947	0	0	0	0	0	812	765	0	594	0	437	882	0	0	0	48	0	0	45	712	0	0	0	0	0	0	0	205	803	0
0	264	0	753	339	703	0	0	420	286	0	553	0	59	774	0	72	116	366	973	939	731	0	0	0	0	549	0	0	0	0	0	597	203	0	0	0	87	560	0	282	0	0	468	0	14	845	0	0	0	886	220	0	0	154	514	0	222	0	107	0	0	0	0	82	718	0	0	0	0	0	0	0	346	0	871	0	0	0	0	0	0	640	577	0	0	719	0	199	101	0	624	0	541	22	0	431	940	987	584	801	168	62	457	26	905	0	0	0	631	359	0	0	0	85	708	0	0	830	303	0	0	0	337	0	0	0	780
898	0	893	504	520	747	354	803	194	0	0	884	0	850	286	0	708	0	843	899	0	0	0	325	919	962	0	148	0	0	0	542	0	598	276	0	588	88	323	0	58	0	0	666	0	202	0	920	0	226	0	0	783	973	367	0	262	859	0	0	491	0	440	0	0	888	727	912	0	747	0	297	181	525	0	276	0	820	188	0	0	554	269	0	0	420	0	609	0	965	245	0	236	0	0	0	971	0	42	794	821	0	356	0	0	0	0	0	0	0	719	433	0	0	21	936	479	168	892	678	0	0	0	476	613	0	0	0
0	773	0	0	856	0	131	755	171	373	0	0	682	0	0	0	32	194	0	0	128	747	0	0	0	0	0	965	726	0	193	564	0	0	793	213	0	0	886	641	0	916	0	224	0	96	0	804	124	861	0	739	0	0	646	0	376	188	0	260	275	0	0	561	0	111	812	763	0	0	0	403	0	0	0	798	0	370	0	0	0	686	0	331	927	372	0	0	295	0	837	661	0	258	863	829	0	0	0	473	518	43	225	0	96	0	500	0	0	0	0	0	351	495	0	0	0	958	0	131	0	817	0	891	0	615	0	0
0	867	0	0	0	0	153	994	389	0	233	55	0	182	0	689	0	233	0	0	0	0	0	341	0	780	429	568	0	0	0	0	259	0	0	110	0	603	182	633	787	123	860	181	377	0	357	0	454	3	153	0	0	0	0	746	0	765	0	0	447	160	0	0	0	0	0	943	706	0	0	0	0	0	0	0	721	0	0	825	0	984	213	0	0	0	22	558	260	0	0	0	0	0	979	739	440	0	0	942	0	777	826	0	0	782	0	72	0	0	3	383	479	0	801	0	0	0	0	291	0	194	757	0	0	453	561	926
0	762	76	32	0	575	0	622	0	0	559	716	238	591	291	0	0	696	825	395	156	313	0	100	737	511	878	78	0	0	267	0	0	0	938	0	307	688	663	541	766	0	0	684	0	0	0	736	649	0	186	13	48	933	165	360	0	19	0	392	328	629	0	864	264	424	0	0	884	0	0	20	302	669	0	171	0	0	0	605	619	0	0	0	0	0	653	357	308	488	12	823	0	0	0	119	0	0	0	279	0	0	773	207	975	48	666	116	0	0	943	404	528	0	0	795	140	493	0	0	103	867	182	530	173	560	600	0
356	993	228	270	0	0	0	961	375	0	885	954	553	668	0	0	175	927	207	166	260	822	585	762	0	0	0	0	0	0	0	0	0	0	103	0	0	0	845	812	0	0	0	0	0	865	0	0	341	0	798	257	0	0	155	0	772	369	343	378	0	0	0	822	0	437	0	0	616	0	945	400	0	750	481	0	0	0	407	0	0	0	285	950	0	0	0	0	0	10	0	0	659	766	163	938	0	0	722	981	0	0	0	199	0	987	579	0	210	0	0	701	0	85	546	0	0	66	429	671	666	0	456	113	0	496	0	0
734	600	0	0	0	0	589	465	0	582	180	0	664	551	699	0	960	541	0	865	0	0	104	0	0	936	0	0	0	0	0	493	701	701	672	0	0	687	0	0	0	0	937	15	886	785	904	428	280	753	0	0	783	0	458	0	0	0	228	535	310	0	502	0	147	421	350	360	0	0	902	0	681	232	283	959	459	0	0	437	301	0	0	984	251	0	856	0	539	665	197	464	756	0	472	0	0	27	0	5	0	179	496	323	13	0	949	0	365	0	955	42	470	0	52	0	0	985	0	0	88	132	118	958	682	0	0	0
0	0	791	640	322	126	945	0	0	278	588	233	271	654	817	0	759	934	592	0	0	0	152	729	0	0	0	180	513	0	365	295	577	0	0	0	764	0	0	0	0	477	0	0	116	0	818	752	218	0	0	0	0	700	627	0	580	894	0	0	678	239	0	121	0	349	220	0	629	604	0	864	0	938	0	0	198	483	0	0	0	692	790	0	66	847	568	112	902	0	699	390	159	452	117	103	0	0	463	0	0	675	790	0	850	674	0	0	0	253	182	0	0	0	0	696	161	0	626	0	380	901	99	750	697	0	0	0
991	603	0	0	0	706	0	455	0	289	0	15	838	0	801	0	0	370	484	807	0	0	553	142	393	748	400	0	811	663	844	0	57	121	328	952	0	301	0	0	0	0	567	596	513	47	0	898	554	936	0	0	0	253	396	0	295	533	305	0	0	0	0	887	954	0	493	148	560	365	0	995	380	782	0	0	0	0	986	443	0	249	0	0	205	24	82	0	0	59	731	0	585	0	557	0	0	0	0	642	493	0	977	458	686	0	0	153	859	265	624	382	923	992	0	223	226	0	0	0	0	318	106	428	0	397	0	0
0	316	0	0	0	95	419	0	0	301	837	0	0	982	0	731	687	0	490	825	0	0	806	335	0	0	0	0	569	0	0	679	0	0	448	0	663	740	0	925	0	0	0	174	721	330	0	0	0	320	0	435	32	0	0	32	0	0	933	998	0	0	0	812	239	0	0	882	0	0	18	0	0	0	618	0	205	969	455	0	995	0	0	0	696	761	0	589	992	903	705	164	998	0	755	252	0	0	0	0	0	0	0	809	607	935	0	639	0	424	713	630	324	604	934	0	768	738	0	276	0	0	504	0	0	0	0	153
0	615	0	871	0	0	594	324	0	0	0	0	374	0	0	419	594	0	0	34	784	0	0	0	0	0	0	344	0	579	911	0	0	0	536	0	852	158	277	932	0	0	0	574	423	629	717	0	223	177	566	0	0	323	20	23	0	0	0	931	0	0	0	0	839	0	0	894	0	0	0	0	454	0	883	976	135	0	0	37	0	0	368	930	0	0	496	234	157	0	0	718	0	735	0	0	0	0	299	266	0	432	610	267	298	0	705	0	170	847	905	0	0	261	969	480	0	0	899	850	899	696	463	0	0	776	0	863
486	483	0	241	0	0	0	0	0	0	662	347	0	0	655	937	0	0	0	925	861	0	0	88	0	741	0	174	722	0	678	486	212	725	654	0	0	189	399	616	0	0	0	0	0	367	0	0	0	0	0	0	0	0	549	0	423	232	636	0	0	301	937	0	715	0	13	915	0	0	0	0	809	797	2	122	0	322	360	113	656	258	0	137	0	0	0	376	0	0	0	0	0	738	0	207	0	885	306	0	20	0	806	521	0	510	0	0	0	0	0	381	113	800	0	0	0	0	45	193	262	723	936	107	0	0	0	678
998	0	716	0	171	939	374	97	0	0	214	0	0	690	0	570	85	128	72	232	0	0	0	0	971	240	0	0	0	0	0	0	0	563	947	916	0	0	0	768	134	57	740	0	0	92	0	551	928	769	632	0	0	565	0	0	0	0	102	0	425	0	0	0	0	56	0	0	544	616	139	350	619	0	561	0	0	0	988	0	1000	311	239	0	556	0	0	137	800	0	443	0	405	0	0	566	0	0	0	484	0	0	0	101	0	0	0	0	0	0	0	0	303	0	38	0	215	0	0	0	0	0	721	448	0	0	115	648
0	0	0	205	558	250	0	0	0	835	521	0	0	473	0	0	0	107	0	0	26	18	50	0	734	355	0	0	0	602	601	0	796	0	563	589	0	0	0	0	310	0	0	0	987	179	996	261	0	492	0	221	248	0	0	0	156	855	70	0	675	0	848	8	93	0	147	502	717	0	172	151	0	742	0	0	0	237	523	740	0	0	0	355	412	0	916	0	0	0	0	5	44	848	0	0	0	21	0	0	582	0	12	0	0	0	0	302	783	644	537	0	709	0	0	103	754	0	875	0	0	426	0	0	0	349	0	877
0	603	570	859	0	0	0	0	232	0	0	101	0	0	857	0	290	0	0	357	0	11	0	0	914	295	0	0	681	0	0	644	0	0	0	722	0	0	0	0	162	359	762	373	172	0	0	0	858	0	131	328	0	866	0	34	486	0	0	0	999	877	0	0	81	0	944	517	0	0	0	536	20	424	773	0	0	0	344	508	75	706	0	0	0	87	879	215	582	315	253	52	0	0	945	184	0	142	951	0	0	229	0	0	159	979	775	985	0	0	193	75	0	0	57	331	0	104	0	729	0	0	892	0	0	0	552	268
561	28	755	0	0	0	874	286	0	472	0	456	838	0	0	0	921	0	130	0	408	123	0	0	296	605	0	0	0	588	0	0	0	0	10	0	0	604	865	78	0	0	0	893	0	0	655	264	0	0	0	851	0	0	0	331	262	0	0	0	119	345	262	0	0	44	0	641	0	0	280	421	0	640	875	785	149	0	0	983	957	259	442	959	0	0	372	0	21	0	626	941	975	395	0	825	262	31	0	0	814	0	343	846	0	0	0	0	0	217	0	13	0	950	431	905	946	260	524	0	894	939	0	368	194	0	250	0
564	0	0	633	0	117	0	0	0	0	190	735	694	398	561	1	220	815	140	485	0	0	0	707	668	0	590	37	859	227	907	0	0	0	786	0	0	0	0	0	590	350	0	14	0	959	153	952	95	0	0	0	0	821	0	163	166	0	68	65	607	0	0	750	0	0	0	0	0	299	0	684	542	0	0	945	0	0	340	368	385	0	547	0	970	648	0	0	0	914	448	75	0	0	964	0	436	59	0	806	703	432	181	510	536	0	0	0	0	0	643	687	596	944	0	0	0	0	0	0	0	105	234	415	467	544	486	0
0	194	699	7	91	679	0	0	616	211	0	390	434	878	69	895	0	602	384	0	0	0	0	474	0	393	0	0	0	0	564	0	971	192	755	0	597	40	0	0	0	0	598	0	0	409	307	0	846	0	720	770	0	0	647	634	762	810	0	711	0	0	343	585	897	0	421	0	0	0	0	0	582	504	253	0	943	0	0	598	701	304	0	650	0	0	0	579	365	875	248	169	428	934	473	0	946	0	0	561	721	719	0	0	780	352	0	0	867	281	165	306	484	1000	136	0	79	117	745	0	353	895	510	287	0	0	18	996
0	0	0	195	0	0	0	0	0	936	442	94	853	214	469	417	987	0	968	225	748	0	0	676	0	605	0	737	789	574	564	0	152	108	995	982	304	942	0	0	0	363	820	987	160	0	933	0	0	313	0	0	0	0	947	0	983	856	0	0	460	0	0	301	0	235	0	0	0	0	798	0	0	335	570	0	314	0	0	0	0	907	0	0	0	206	108	735	191	593	190	0	582	0	795	514	0	0	826	53	0	947	614	75	0	468	236	743	0	0	846	0	413	687	0	810	135	972	0	496	624	227	86	540	0	480	913	411
